0 1
0 2
0 1363
0 1367
0 1368
1 2
1 496
1 497
1 1358
1 1363
1 1364
2 1358
3 4
3 5
3 6
3 8
3 16
3 17
3 18
3 19
3 20
3 30
3 31
3 32
3 33
3 42
3 47
3 63
3 931
4 5
4 29
4 30
4 49
4 111
4 124
4 125
4 129
4 315
5 29
5 30
5 49
5 129
6 18
6 48
8 7
8 9
8 10
8 11
8 12
8 13
8 14
8 15
8 16
8 17
8 18
8 20
8 22
8 28
8 38
8 78
8 79
8 80
8 81
8 82
8 83
8 84
8 85
8 86
8 1225
8 1226
7 16
7 69
7 142
7 146
7 181
9 16
9 17
9 69
9 71
9 72
9 98
9 100
9 103
9 107
9 108
9 142
9 146
9 181
9 356
9 1017
9 1050
9 1051
9 1078
9 1080
9 1081
9 1082
9 1083
9 1084
9 1085
9 1086
9 1088
9 1091
9 1092
9 1095
9 1098
9 1099
9 1100
9 1101
9 1102
9 1103
9 1147
9 1534
9 19
9 39
10 16
10 17
10 69
10 103
10 1100
11 16
11 69
11 142
11 356
11 1083
11 1092
11 1098
11 1100
11 1101
11 1147
13 16
13 17
13 69
13 71
13 98
13 103
13 107
13 108
13 142
13 146
13 181
13 1017
13 1078
13 1082
13 1083
13 1092
13 1098
13 1100
13 1101
13 1102
13 1103
13 1534
13 10
14 69
14 102
14 103
14 107
14 142
14 181
14 1082
14 1083
14 1092
14 1098
14 1103
14 1534
16 18
16 20
16 29
16 55
16 69
16 72
16 78
16 99
16 100
16 104
16 109
16 145
16 1105
16 1106
17 18
17 20
17 38
17 78
17 99
17 100
17 101
17 1225
17 1226
17 25
18 36
18 37
18 42
18 47
18 48
19 36
20 21
20 22
20 38
20 39
20 47
20 55
20 56
20 57
20 59
20 63
20 65
20 46
22 23
22 24
22 25
22 26
22 27
22 39
22 55
22 57
22 59
22 65
22 111
22 137
22 138
22 139
22 140
22 931
22 14
28 23
28 24
28 25
28 26
28 27
28 54
29 30
29 33
29 48
29 49
29 55
29 65
29 66
29 74
29 111
29 119
29 123
29 124
29 126
29 132
29 147
29 148
29 149
29 150
29 788
29 1124
30 48
30 49
30 124
30 125
30 129
30 134
30 314
30 315
30 316
32 125
32 315
33 49
33 125
33 315
42 43
42 44
42 45
42 46
42 47
42 48
42 63
42 71
47 43
47 46
47 48
47 63
63 55
63 64
49 48
49 55
49 65
49 109
49 123
49 130
49 131
49 134
49 147
49 152
48 82
69 70
69 71
69 72
69 73
69 79
69 98
69 100
69 101
69 105
69 106
69 142
69 143
69 144
69 145
69 146
69 160
69 181
69 182
69 356
69 908
69 920
69 921
69 1059
69 1061
69 1067
69 1076
69 1083
69 1092
69 1100
69 1101
69 1102
69 1180
69 1295
71 99
71 100
71 1136
71 1137
72 98
72 118
72 367
72 1054
72 1067
72 1076
72 1179
78 748
78 773
78 89
79 155
79 157
79 182
79 183
79 245
81 65
82 1613
85 187
98 99
98 100
98 224
98 235
98 636
98 637
98 638
98 939
100 70
100 103
100 107
100 142
100 146
100 160
100 181
100 241
100 356
100 413
100 561
100 726
100 1016
100 1017
100 1018
100 1019
100 1020
100 1021
100 1022
100 1023
100 1050
100 1051
100 1077
100 1078
100 1079
100 1080
100 1081
100 1082
100 1083
100 1084
100 1085
100 1086
100 1087
100 1088
100 1089
100 1090
100 1091
100 1092
100 1093
100 1094
100 1095
100 1096
100 1097
100 1098
100 1100
100 1101
100 1102
100 1103
100 1140
100 1147
100 1295
100 1534
100 1743
100 70
103 99
103 101
103 104
103 105
103 106
103 88
107 99
107 101
107 106
108 99
111 56
111 66
111 112
125 353
125 354
125 355
125 356
125 1626
129 44
129 45
129 65
129 128
129 137
129 141
129 93
1367 1358
1367 1547
1367 1548
1368 1358
1368 1539
1368 1545
1368 1547
1368 1548
142 101
142 104
142 144
146 104
146 160
146 235
146 307
146 867
146 944
146 1076
146 1124
146 1174
146 47
496 498
55 56
55 58
55 61
55 62
55 65
55 117
99 181
99 1098
99 1100
99 1103
181 145
181 156
181 157
181 182
181 183
181 1250
39 56
56 1237
56 1238
59 58
59 60
59 61
65 62
65 66
65 67
65 109
65 118
65 128
65 137
65 138
65 139
65 140
65 151
65 154
65 235
65 322
65 323
65 365
65 366
65 367
65 422
65 939
65 976
65 992
24 1657
24 1660
66 714
315 1626
34 35
34 132
34 425
34 559
34 560
34 36
34 80
35 51
35 120
35 636
35 637
35 638
51 50
51 52
51 53
51 113
51 1112
51 1168
356 134
931 881
931 930
931 966
931 967
931 968
931 1072
931 1073
40 41
40 180
40 1298
40 1300
50 52
50 53
50 54
50 68
50 121
50 122
50 1112
50 1167
50 1175
52 54
52 121
52 1112
52 1168
52 3
52 4
53 121
53 1112
53 5
53 60
54 1149
54 1150
68 67
68 1112
68 1150
68 1168
68 27
58 217
58 230
58 232
58 92
62 114
62 1323
64 114
67 118
67 151
67 322
67 323
70 1136
70 1137
73 367
75 76
75 77
75 426
75 427
75 499
75 500
75 501
75 502
75 503
75 504
75 505
75 506
75 507
75 508
75 509
75 510
75 511
75 512
75 513
75 514
75 515
75 516
75 517
75 518
75 519
75 520
75 521
75 522
75 523
75 524
75 525
75 526
75 527
75 528
75 529
75 530
75 531
75 532
75 533
75 534
76 77
76 535
77 243
77 317
77 426
77 536
77 537
77 538
77 539
77 540
77 541
77 542
77 543
77 544
77 545
77 546
77 547
77 548
77 549
77 550
77 551
77 552
77 553
77 554
77 555
77 556
77 557
77 558
87 88
87 286
88 1076
89 90
89 94
89 110
90 91
90 92
90 93
90 94
90 96
90 97
90 1411
94 409
94 748
94 773
91 92
91 110
92 110
93 95
93 96
96 97
95 748
101 102
101 1534
104 1082
104 1098
104 1100
104 1103
104 1534
1050 160
1050 307
1050 1076
105 1534
106 1534
1082 145
1098 145
1100 145
1100 1104
1101 145
1101 1104
1103 145
110 409
110 1655
114 115
114 116
117 1256
118 365
118 366
118 367
118 422
121 122
121 1112
122 1112
122 1168
123 454
123 455
123 984
126 127
130 131
132 133
132 243
132 564
132 565
134 353
134 354
134 355
137 138
137 139
137 140
137 365
137 422
138 139
138 140
138 365
138 422
139 140
139 365
139 422
140 365
140 422
143 1534
145 1534
147 199
147 400
147 402
147 424
149 150
151 1052
152 153
1534 1535
155 156
155 157
155 182
155 183
155 245
155 366
155 367
155 640
155 908
157 156
157 182
157 183
157 245
157 640
157 908
160 1223
180 179
180 424
180 884
180 1040
180 1041
180 1204
180 1589
180 1678
180 1679
182 156
182 183
182 245
182 366
182 367
182 640
182 888
182 893
182 908
183 156
183 366
183 640
183 888
183 891
183 893
187 170
187 186
187 222
187 284
187 285
187 1336
187 1401
187 1402
217 297
217 298
217 334
217 338
217 339
217 340
217 365
217 422
224 223
224 1397
230 229
230 231
230 232
230 304
230 1234
232 229
232 231
243 244
245 366
245 640
245 893
286 287
286 288
286 321
286 1120
286 35
317 987
425 426
425 427
559 133
559 426
559 427
559 600
559 601
559 602
559 603
559 604
636 1676
636 1677
365 366
365 367
365 423
365 983
365 1003
365 1224
365 1260
365 1261
365 1262
365 1263
365 1264
365 1265
365 1266
366 367
366 642
366 738
366 739
366 893
366 918
366 919
367 422
367 983
409 408
409 410
409 744
409 1046
409 1654
409 1656
422 983
422 1224
422 1260
422 1261
422 1263
422 1264
422 1266
426 244
426 265
426 566
426 587
426 594
426 605
426 609
426 614
426 991
426 1004
426 1388
427 244
427 566
427 587
427 593
427 594
427 605
427 1004
503 566
508 1681
510 1218
510 1662
517 934
517 1282
517 1414
524 719
535 1591
541 292
541 293
541 294
541 415
541 927
541 928
541 929
541 1405
541 1406
541 1428
541 1429
541 1431
541 1432
541 1434
541 1435
541 1436
541 1438
541 1442
541 1444
541 15
542 186
542 1413
542 1539
548 719
550 583
992 198
908 156
908 893
908 1067
748 749
748 750
748 751
748 752
748 753
748 754
748 755
748 756
748 757
748 758
748 759
748 760
748 761
748 762
748 763
748 764
748 765
748 766
748 767
748 768
748 769
748 770
748 771
748 772
773 628
773 749
773 751
773 754
773 757
773 761
773 762
773 768
773 774
773 775
773 776
773 777
773 778
773 779
773 780
773 781
773 782
773 783
773 784
773 785
773 786
241 242
241 246
241 411
241 412
241 972
241 973
241 983
241 1016
413 246
413 412
413 973
413 983
413 1016
561 244
726 727
1059 179
1059 461
1059 664
1059 1047
1059 1049
1059 1060
1059 1061
1059 1710
1059 1721
1059 86
1067 751
1067 1146
1067 1157
1067 1180
1067 1181
1067 1182
1067 1183
1067 1193
1067 1194
1067 1195
1067 1196
1067 1197
1067 1198
1067 1199
1112 1149
1112 1164
1112 1165
1112 1166
1112 1167
115 1323
1149 1150
1149 1168
1150 1164
1150 1165
1150 1166
1150 1167
1150 1169
1167 1168
1167 58
1168 1164
1168 1165
1168 1166
1168 1169
1179 1181
1179 1182
1179 1183
1179 1193
1179 1194
454 719
454 984
454 1622
455 719
455 981
455 984
455 1622
455 65
1237 1238
353 357
1298 1299
1298 1300
1298 1301
1298 1302
1298 1303
1298 1304
1298 1310
1298 1313
1300 1296
1300 1299
1300 1301
1300 1302
1300 1303
1300 1304
1300 1305
1300 1306
1300 1307
1300 1309
1300 1311
133 244
133 265
133 587
133 593
133 594
133 605
133 990
133 991
133 1004
1323 1324
564 599
244 562
244 563
265 266
265 468
265 469
265 470
265 471
265 1370
265 1515
265 32
587 576
587 578
587 584
587 588
587 589
587 590
587 591
587 592
587 45
594 578
594 595
605 606
605 607
605 608
135 136
136 335
136 880
136 1333
136 1334
136 1335
335 297
335 334
335 338
335 1333
880 334
1411 761
1411 1410
1411 1412
307 308
307 362
307 363
307 1223
199 200
199 264
199 746
199 747
199 761
199 849
199 1294
199 1369
400 401
400 1058
400 1583
400 1744
402 401
402 1058
402 1583
402 1744
424 833
156 640
156 888
156 891
156 893
156 918
156 94
640 888
640 889
640 892
888 889
888 890
888 891
888 892
888 893
888 43
891 889
891 892
918 919
158 159
161 162
161 163
161 164
161 165
162 219
1613 1614
1613 1615
219 195
219 218
219 467
219 662
219 935
219 1114
219 1346
219 1538
219 1565
219 1568
219 1569
219 1570
219 1571
219 1572
219 1573
219 1574
219 1575
219 1576
1657 311
1657 1658
1657 1659
1657 1660
1657 1661
166 167
168 169
168 170
168 171
168 172
168 173
168 174
168 175
168 1611
170 186
170 281
170 306
170 309
170 1046
170 1230
172 281
175 306
175 1161
186 222
186 358
186 359
186 883
281 282
281 283
281 309
309 283
309 650
309 1188
309 1189
309 1633
309 77
176 177
178 179
179 233
179 234
179 461
179 475
179 660
179 661
179 662
179 663
179 664
179 665
179 666
179 667
179 668
179 669
179 670
179 671
179 672
179 673
179 674
179 675
179 676
179 677
179 678
179 679
179 680
179 681
179 685
179 690
179 716
179 717
179 718
179 809
179 811
179 812
179 813
179 814
179 817
179 906
179 907
179 911
179 949
179 950
179 951
179 952
179 953
179 954
179 955
179 988
179 1048
179 1049
179 1060
179 1138
179 1425
179 1426
179 1700
179 1710
179 1711
179 1712
179 1713
179 1714
179 1715
179 1716
179 1717
179 1718
179 1719
179 1720
179 1721
179 1723
179 97
233 234
233 660
233 661
233 664
233 670
233 671
233 680
233 681
233 685
233 690
233 715
233 813
233 906
233 1700
233 1710
233 1711
233 1713
233 1714
233 1716
233 1717
233 1719
233 1720
233 1721
233 1723
233 1729
234 461
234 661
234 666
234 669
234 673
234 690
234 691
234 716
234 718
461 299
461 664
461 670
461 673
461 685
461 911
461 993
461 1048
461 1710
461 1713
461 1719
461 1724
475 474
475 476
475 679
660 664
660 666
660 670
660 671
660 673
660 679
660 680
660 681
660 685
660 688
660 689
660 690
660 716
660 718
660 812
660 813
660 906
660 1049
660 1710
660 1713
660 1714
660 1719
660 1720
660 1721
660 1723
660 1731
661 664
661 666
661 670
661 671
661 673
661 679
661 680
661 681
661 685
661 690
661 716
661 717
661 718
661 812
661 813
661 906
661 907
661 988
661 1710
661 1714
661 1720
661 1721
661 1723
664 666
664 673
664 679
664 680
664 690
664 718
664 988
664 96
666 669
666 670
666 671
666 679
666 680
666 681
666 690
666 715
666 906
666 911
666 1710
666 1713
666 1714
666 1720
666 1721
666 13
669 670
669 671
669 679
669 680
669 681
669 716
669 718
669 813
669 911
669 1060
669 1710
669 1711
669 1713
669 1714
669 1715
670 673
670 679
670 680
670 685
670 687
670 690
670 716
670 717
670 718
670 906
670 907
670 988
670 1714
670 1721
671 673
671 679
671 680
671 685
671 687
671 690
671 716
671 717
671 718
671 907
671 988
671 1714
671 1729
673 679
673 680
673 681
673 685
673 687
673 690
673 715
673 813
673 814
673 906
673 907
673 911
673 1700
673 1710
673 1714
673 1716
673 1717
673 1719
673 1720
673 1729
673 16
675 679
679 680
679 681
679 685
679 687
679 690
679 717
679 718
679 813
679 814
679 817
679 906
679 911
679 949
679 988
679 1060
679 1107
679 1700
679 1710
679 1711
679 1712
679 1713
679 1714
679 1715
679 1716
679 1718
679 1719
679 1720
679 1721
679 64
679 75
679 78
680 681
680 682
680 683
680 684
680 685
680 716
680 717
680 718
680 988
680 1048
680 1060
680 1710
680 1711
680 1714
680 1718
680 1720
680 1722
680 6
680 52
681 685
681 687
681 690
681 716
681 717
681 718
681 906
681 907
681 988
681 1710
681 1714
685 686
685 687
685 690
685 717
685 813
685 906
685 907
685 1047
685 1049
685 1710
685 1714
685 1721
685 1723
685 1729
685 1730
685 57
690 716
690 717
690 813
690 814
690 816
690 817
690 911
690 1049
690 1060
690 1107
690 1700
690 1710
690 1711
690 1714
690 1715
690 1716
690 1718
690 1719
690 1720
690 11
716 715
716 813
716 906
716 1710
716 1713
716 1714
716 1719
716 1720
716 24
717 715
717 906
717 911
717 1710
717 1713
717 1714
717 1720
717 1721
718 715
718 813
718 906
718 911
718 1060
718 1700
718 1710
718 1713
718 1714
718 1719
718 1720
809 810
809 813
809 814
809 815
809 816
809 817
811 810
811 814
811 815
811 816
811 817
811 1712
812 810
812 813
812 814
812 815
812 816
812 817
812 1712
813 687
813 906
813 907
813 1714
814 906
814 911
817 1714
817 1721
906 988
906 1048
906 1060
906 1700
906 1710
906 1711
906 1712
906 1714
906 1715
906 1716
906 1717
906 1720
906 1722
907 911
907 1060
907 1710
907 1711
907 1712
907 1717
907 1718
907 1720
911 988
911 1047
988 1710
988 1714
988 1720
184 185
184 326
184 1202
326 324
326 325
326 327
326 330
326 331
326 1202
326 1203
326 1205
222 284
222 285
222 341
222 431
222 874
222 1013
222 1249
358 883
284 285
284 1160
284 1224
284 1382
285 431
285 1617
285 1618
188 189
188 193
188 194
189 190
189 191
189 192
195 196
195 228
195 236
195 710
195 730
195 932
195 934
195 1053
195 63
228 227
228 320
228 937
228 938
228 995
228 1006
228 1007
228 1139
236 933
236 935
236 937
236 938
236 995
236 996
236 997
236 998
236 1346
710 709
710 936
710 937
710 938
710 995
710 996
710 997
710 998
710 1006
710 1007
710 1139
710 20
730 731
730 1062
932 933
932 995
934 935
934 936
934 937
934 995
934 997
934 998
934 999
934 1381
197 198
198 251
251 250
251 649
251 978
201 202
203 204
203 205
203 864
203 865
203 866
203 869
203 940
203 941
203 1228
203 1229
203 1402
203 1451
203 1452
203 1453
203 1455
203 1468
203 1493
203 1502
203 44
864 865
864 940
864 948
865 866
865 940
866 439
866 869
866 940
866 1025
866 1121
866 1122
866 1123
866 1229
866 1235
866 1451
866 1453
866 1454
866 1455
866 1456
866 1457
866 91
869 868
869 940
869 941
869 1024
869 1025
869 1121
869 1229
869 1402
869 1451
869 1453
869 1455
869 1458
940 439
940 941
940 948
940 1025
940 1026
940 1229
940 1235
940 1236
940 1402
940 1453
940 1455
940 1468
940 1493
940 1499
940 1501
940 1502
941 439
941 948
941 1024
941 1025
941 1121
941 1122
941 1123
941 1229
941 1235
941 1451
941 1453
206 207
207 857
857 856
208 209
208 210
208 211
208 212
208 213
208 1027
208 1028
208 1029
209 1178
209 1344
210 1178
211 1178
211 1344
212 1178
212 1344
213 1178
213 1344
214 215
214 216
216 1594
297 298
297 334
297 338
297 339
334 338
334 339
334 340
334 420
338 339
338 340
339 340
218 368
218 1524
218 1577
467 464
935 1053
220 221
221 1074
221 1244
341 989
431 1736
874 875
874 1013
223 948
225 226
227 252
227 253
227 254
227 255
227 257
227 258
227 854
227 860
227 1221
252 253
252 254
252 255
252 256
252 257
252 258
252 259
252 260
252 261
252 262
252 263
253 254
253 255
253 256
253 257
253 258
253 260
253 854
253 860
253 1221
254 255
254 256
254 257
254 258
254 259
254 260
254 854
254 860
254 903
254 1221
255 256
255 257
255 258
255 259
255 260
255 903
255 1221
257 258
257 261
257 855
257 1221
258 256
258 259
258 261
258 903
258 1221
854 855
860 855
320 321
320 570
938 1282
995 1005
995 1239
995 1240
995 1327
231 304
304 303
304 305
237 238
237 239
238 240
246 247
246 411
246 412
246 414
246 415
246 963
411 963
411 972
411 973
411 40
412 963
412 972
412 973
983 963
983 1206
983 1207
247 248
415 1405
415 1434
415 1442
250 692
692 350
978 1246
256 259
256 855
256 985
256 986
259 1221
260 1221
261 421
261 1221
262 1221
263 628
263 1704
903 855
903 986
855 985
628 349
628 629
628 630
628 631
628 632
628 633
628 634
628 635
266 468
266 979
267 268
267 269
267 629
267 1703
268 270
268 1704
269 50
629 1703
629 1704
629 1705
629 1706
629 74
271 272
271 273
272 273
274 275
277 278
277 279
277 280
278 462
278 1033
278 1034
279 969
279 1035
279 1039
279 1064
280 343
280 821
280 1036
280 1037
462 463
969 821
969 1035
969 1375
343 344
343 345
343 346
821 1035
821 1039
821 1064
283 442
321 977
289 290
291 292
291 293
291 294
291 928
291 929
291 1405
291 1429
291 1438
291 98
292 927
292 1405
292 1406
292 1428
292 1433
292 1435
292 1436
292 1439
292 1440
292 1443
292 1445
292 1446
292 1447
292 1448
292 1449
293 927
293 929
293 1405
293 1433
293 1434
293 1436
293 1439
293 1440
293 1442
293 1443
293 1444
293 1445
294 927
294 1267
294 1405
294 1406
294 1434
294 1439
294 1440
294 1445
294 26
928 927
928 1439
928 1440
928 1444
928 1447
928 1448
928 1450
929 927
929 1405
929 1428
929 1429
929 1433
929 1434
929 1435
929 1436
929 1437
929 1439
929 1440
929 1442
929 1443
929 1444
929 1445
929 9
927 1405
927 1428
927 1429
927 1430
927 1431
927 1432
927 1433
927 1434
927 1435
927 12
927 21
295 296
299 300
299 993
299 994
299 17
993 733
993 994
993 1148
993 1347
301 302
308 1676
362 361
362 363
363 361
650 651
650 652
650 653
310 311
310 792
310 793
311 1658
311 1659
312 313
318 319
570 566
324 325
325 1202
325 1203
327 364
331 654
331 658
328 329
328 394
328 1233
394 395
394 396
394 397
394 398
394 399
654 655
654 656
654 657
658 657
658 659
332 333
336 337
345 957
957 958
347 348
349 350
349 1068
349 1069
349 1070
349 1071
350 351
350 352
350 702
350 704
350 705
350 706
350 707
350 708
702 703
642 641
738 1418
369 370
371 372
373 374
373 375
373 376
373 377
373 378
373 379
373 380
373 381
373 38
384 385
386 387
386 388
386 389
386 390
386 1741
386 1742
386 23
387 391
387 392
387 393
388 391
389 391
390 391
390 392
390 393
391 1741
391 1742
403 404
403 405
403 406
403 407
407 1356
407 1357
407 1359
407 1360
407 1361
407 1362
744 743
744 745
744 1671
416 417
417 492
417 494
417 495
417 601
417 1427
492 493
494 493
494 76
495 493
495 1337
601 614
601 787
601 1328
601 1418
418 419
566 567
566 568
566 569
566 571
566 572
566 573
566 574
566 575
566 576
566 577
566 578
566 579
566 580
566 581
566 582
566 2
609 610
609 611
609 612
609 613
614 592
614 615
614 616
614 617
614 618
614 619
614 620
614 621
614 622
614 623
614 624
614 625
614 626
614 627
428 429
428 430
429 1012
429 1075
429 1214
429 1215
429 1505
429 1506
429 1507
429 1508
429 1509
430 1241
430 1242
432 433
432 434
432 435
432 436
433 437
434 437
435 437
436 437
438 439
439 1024
439 1025
439 1229
439 1402
439 1455
439 49
440 441
440 1465
443 444
443 445
443 446
443 447
443 448
443 450
445 449
451 452
719 720
719 721
719 722
719 723
719 724
719 725
719 1292
719 1293
981 980
981 982
981 1418
456 457
458 459
459 460
463 1075
464 465
464 466
472 473
473 62
477 478
477 479
477 480
477 481
478 482
478 483
479 482
479 483
480 482
480 483
481 482
481 483
483 484
483 485
483 486
487 488
489 490
489 491
489 1222
490 491
491 699
491 700
491 701
491 1058
491 1744
699 701
700 701
701 1279
583 584
583 585
583 586
599 578
567 804
568 1108
578 596
804 805
804 807
804 808
596 584
596 597
596 598
588 1663
889 892
641 643
644 645
644 646
644 647
644 648
645 647
645 67
646 647
651 653
816 1714
816 1721
693 694
695 696
695 1125
697 698
698 1271
711 712
711 713
720 1063
720 1345
728 729
732 733
732 734
733 912
733 1347
734 922
736 737
740 741
741 742
751 1158
789 790
789 791
794 795
794 1638
795 1638
796 797
797 818
797 820
797 822
797 831
798 799
798 800
799 800
799 801
799 802
799 803
799 1278
801 862
801 1407
801 1627
801 1740
802 1278
803 1125
862 863
862 34
805 806
805 964
807 1287
964 965
823 824
824 825
824 826
824 827
824 828
824 829
824 830
824 42
834 835
836 837
838 839
840 841
842 843
843 848
844 845
845 846
845 847
846 847
850 851
850 1192
850 1292
850 1293
851 852
851 853
852 853
852 923
856 858
856 859
868 870
868 871
872 873
875 1591
875 1627
876 877
878 879
878 1241
878 1242
878 1376
878 1380
881 882
881 1319
885 886
894 895
895 1681
896 897
896 898
896 899
897 898
897 899
897 1735
898 899
899 1734
900 901
901 902
902 1375
904 905
905 1418
913 914
913 917
914 1595
925 926
942 943
942 946
942 947
942 61
943 945
943 1184
946 945
959 960
959 961
960 1595
965 1287
965 1510
970 971
974 975
1021 8
1140 1387
1003 1002
1003 1030
1003 1588
1005 1007
1007 1556
1013 1014
1013 1015
1024 1025
1024 1493
1024 18
1025 1121
1025 1122
1025 1228
1025 1229
1025 1236
1025 1402
1025 1451
1025 1452
1025 1453
1025 1454
1025 1455
1025 1456
1025 1457
1025 1458
1025 1459
1025 1460
1025 1462
1025 90
1026 1468
1026 1493
1026 1502
1035 1037
1036 1037
1036 1038
1036 1216
1036 1217
1037 1038
1037 1039
1040 1418
1040 1619
1047 1048
1047 1719
1047 1724
1047 1733
1048 1049
1048 1714
1049 1060
1049 1371
1049 1712
1049 1718
1049 1724
1049 1733
1052 1387
1052 1418
1053 1113
1053 1346
1053 1538
1053 41
1060 1714
1060 1721
1060 1724
1060 1733
1064 1065
1064 1066
1072 1073
1072 1385
1072 1389
1072 1390
1072 1391
1072 1392
1073 909
1073 910
1073 1385
1073 1386
1073 1389
1073 1390
1073 1391
1073 1392
909 1385
909 1386
909 1389
909 1390
909 1391
909 1392
1074 1075
1074 1244
1074 1381
1655 1654
1108 1109
1121 1402
1121 1452
1121 1453
1121 1455
1121 1493
1122 1229
1122 1402
1122 1453
1122 1455
1122 1493
1122 59
1123 1402
1123 1453
1123 1455
1123 1493
1125 1126
1125 1127
1125 1128
1125 1129
1125 1130
1125 1131
1125 1132
1125 1133
1158 1157
1158 1159
1256 1253
1256 1254
1256 1255
1184 1185
1202 1203
1202 1205
1203 1205
1204 1595
1221 85
1228 1235
1228 1453
1228 1455
1229 1402
1229 1451
1229 1453
1229 1455
1229 1456
1229 1468
1229 1472
1229 1478
1229 1485
1229 1493
1229 1499
1229 1501
1229 1502
1235 1236
1235 1493
1235 1501
1235 1502
1236 1451
1236 1485
1236 1493
1236 1499
1236 1501
1236 1502
1236 87
1241 1243
1242 1243
1244 1245
1271 1270
1279 1290
1282 1283
1282 1284
1282 1285
1282 1286
1287 1288
1287 1289
1292 1293
1292 81
1327 1381
1328 1329
1328 1330
1347 1326
1347 1348
1349 342
342 1350
342 1351
342 1352
342 1353
1375 1379
1376 1377
1376 1378
1380 1377
1380 1378
1381 1562
1385 1386
1385 1389
1385 1390
1385 1392
1385 1394
1385 30
1385 72
1386 1389
1386 1390
1386 1391
1386 1392
1390 1391
1390 1394
1391 1392
1391 1393
1391 1394
1391 1396
1392 1393
1392 1394
1397 1398
1397 1399
1402 1453
1402 1455
1405 1428
1405 1429
1405 1430
1405 1431
1405 1432
1405 1433
1405 1434
1405 1435
1405 1436
1405 1437
1405 1438
1405 1441
1405 1442
1405 1443
1406 1428
1406 1429
1406 1430
1406 1434
1406 1435
1406 1445
1406 1446
1418 1419
1418 1420
1418 1421
1418 1422
1418 1423
1418 1424
1428 1434
1428 1438
1428 1445
1428 1446
1429 1434
1429 1438
1429 1440
1429 1442
1430 1434
1430 1442
1431 1434
1431 1442
1432 1434
1432 1439
1432 1440
1432 1442
1433 1434
1433 1438
1433 1439
1433 1440
1433 1442
1433 1445
1433 1446
1434 1435
1434 1436
1434 1437
1434 1438
1434 1439
1434 1440
1434 1441
1434 1442
1435 1438
1435 1440
1435 1442
1435 1444
1435 1445
1435 1446
1436 1438
1436 1439
1436 1440
1436 1442
1436 1445
1436 1446
1437 1440
1437 1445
1438 1439
1438 1440
1438 1443
1438 1444
1438 1446
1438 1448
1438 1450
1439 1446
1439 79
1440 48
1443 1445
1444 1445
1445 1446
1445 1449
1446 1448
1451 1455
1451 1458
1452 1455
1452 1493
1453 1454
1453 1455
1453 1456
1453 1458
1453 1459
1453 1460
1453 1461
1453 1478
1454 1455
1454 1493
1455 1456
1455 1459
1455 1460
1455 1462
1456 1493
1456 99
1457 1493
1457 29
1465 1463
1465 1466
1465 1467
1465 1482
1465 1499
1465 1501
1465 1502
1468 1466
1468 1469
1468 1470
1468 1471
1468 1472
1468 1473
1468 1474
1493 1459
1493 1469
1493 1470
1493 1471
1493 1472
1493 1473
1493 1474
1493 1477
1493 1481
1493 1482
1493 1486
1493 1487
1493 1489
1493 1490
1493 1492
1493 1494
1493 1495
1499 1464
1499 1473
1499 1475
1499 1482
1499 1486
1499 1500
1501 1472
1501 1474
1501 1482
1501 1500
1502 1466
1502 1470
1502 1471
1502 1472
1502 1473
1502 1474
1502 1478
1502 1482
1502 1486
1502 1489
1502 1490
1502 1491
1502 1492
1502 1495
1502 1498
1502 1503
1505 1510
1539 1540
1539 1541
1539 1542
1539 1543
1539 1544
1589 1678
1589 1679
1591 1593
1595 1596
1595 1597
1595 1598
1595 1599
1595 1600
1595 1601
1595 1602
1611 1612
1611 95
1618 69
1627 1628
1633 1634
1638 1639
1638 1640
1638 1641
1638 1642
1638 1643
1638 1644
1638 1645
1678 1679
1678 73
1681 1680
1681 1682
1681 1683
1681 1684
1681 1685
1681 1686
1700 1710
1700 1714
1703 1404
1703 1704
1703 1705
1703 1706
1703 1707
1703 1708
1703 1709
1704 1728
1710 1712
1710 1714
1710 1715
1710 1716
1710 1723
1710 1732
1711 1714
1711 56
1712 1714
1712 1719
1714 1715
1714 1716
1714 1718
1714 1720
1715 1719
1718 1721
1719 1730
1724 83
1734 1735
1000 1001
1001 66
1008 1009
1008 1010
1008 1011
1009 1011
1010 1011
1031 1032
1032 1227
1042 1043
1042 1044
1043 1045
1045 1247
1247 1248
1055 1056
1055 1057
1056 1057
1146 1144
1181 1549
1181 1550
1182 1604
1182 1605
1182 1606
1182 1607
1182 1608
1182 1609
1182 1610
1194 1549
1194 1550
1110 1111
1166 84
1115 1116
1115 1117
1115 1118
1115 1119
1127 1254
1127 1255
1254 1253
1254 1257
1254 1258
1254 1259
1255 1253
1255 1257
1255 1258
1134 1135
1141 1142
1143 1144
1144 1145
1151 1152
1153 1154
1153 1155
1153 1156
1162 1163
1170 1171
1172 1173
1176 1177
1550 1551
1550 1552
1550 1553
1550 33
1185 1186
1186 1187
1190 1191
1191 1354
1191 1355
1200 1201
1208 1209
1210 1211
1210 1212
1210 1213
1219 1220
1472 1471
1472 1477
1472 1481
1472 1488
1472 1496
1472 1497
1472 1504
1478 1480
1478 1488
1478 1497
1485 1473
1485 1482
1485 1486
1485 1487
1251 1252
1253 1259
1257 1616
1258 1616
1268 1269
1272 1273
1272 1274
1275 1276
1275 1277
1276 1277
1280 1281
1283 1338
1338 1288
1296 1297
1296 1302
1296 1303
1296 1306
1302 1301
1302 1303
1302 1305
1302 1306
1302 1311
1302 1312
1302 1313
1302 1314
1303 1301
1303 1305
1303 1306
1303 1307
1303 1309
1303 1311
1303 1312
1306 1301
1306 1305
1306 1307
1306 1308
1306 1309
1306 1310
1306 1311
1306 1312
1306 1313
1306 1314
1301 1305
1301 1307
1301 1308
1301 1309
1301 1311
1301 1312
1301 1313
1301 1314
1313 1309
1313 1312
1305 1308
1305 1311
1305 1312
1305 1314
1307 1309
1309 1311
1309 1312
1311 1312
1312 1314
1312 1
1315 1316
1317 1318
1317 22
1320 1321
1320 1322
1321 1523
1322 1523
1325 1326
1331 1332
1339 1340
1339 1341
1339 1342
1339 1343
1340 1343
1341 1343
1365 1366
1545 1544
1372 1373
1372 1374
1383 1384
1394 1393
1394 1395
1403 1404
1403 7
1408 1409
1415 1416
1415 1417
1416 1417
1463 1464
1464 1466
1464 1467
1466 1475
1466 1504
1467 1475
1482 1475
1475 1476
1504 1470
1504 1471
1504 1473
1504 1474
1504 1490
1504 1498
1470 1477
1470 1481
1470 1488
1470 1497
1471 1483
1471 1488
1471 1497
1473 1496
1474 1477
1474 1481
1474 1496
1488 1489
1488 1490
1488 1491
1488 1492
1497 1489
1497 1490
1497 1491
1497 1492
1497 1498
1497 37
1483 1484
1480 1479
1486 1503
1511 1512
1511 1513
1512 1514
1513 1514
1513 1629
1513 1631
1629 1630
1631 1630
1631 1632
1516 1517
1518 1519
1525 1526
1527 1528
1530 1531
1532 1533
1536 1537
1541 1544
1541 1546
1541 53
1544 1546
1554 1555
1557 1558
1558 1559
1560 1561
1563 1564
1566 1567
1578 1579
1578 1580
1579 1580
1581 1582
1584 1585
1586 1587
1590 1592
1598 55
1620 1621
1623 1624
1636 1637
1646 1647
1646 1648
1646 1649
1646 1650
1646 1651
1647 51
1652 1653
1664 1665
1666 1667
1666 1668
1667 1668
1669 1670
1672 1673
1674 1675
1687 1688
1687 1689
1687 1690
1687 1691
1687 1692
1687 1693
1687 1694
1687 1695
1687 1696
1687 1697
1687 1698
1688 1699
1689 1699
1689 68
1694 1699
1695 1699
1698 1699
1699 28
1699 31
1701 1702
1725 1726
1725 1727
1737 1738
1738 1739
