0 1
0 2
0 3
0 4
0 5
0 6
0 7
0 8
0 9
0 10
0 11
0 12
0 13
0 14
0 15
0 16
0 17
0 18
0 19
0 20
0 21
0 22
0 23
0 24
0 25
0 26
0 27
0 304
0 97
1 28
1 33
1 64
1 147
1 154
1 162
1 193
2 33
2 64
3 64
3 147
3 154
3 9
4 28
4 33
4 64
4 154
5 64
5 147
5 154
5 162
6 28
6 33
6 162
6 918
6 1160
7 33
7 64
7 147
7 154
7 162
8 28
8 64
8 147
8 154
8 162
8 25
9 28
9 33
9 147
9 154
9 162
9 1290
9 1291
9 1297
9 64
10 28
10 162
10 580
11 28
11 33
11 64
11 154
11 162
11 76
12 33
12 64
12 147
13 33
13 64
13 147
13 154
13 162
13 780
14 28
14 64
14 154
15 28
16 162
17 28
17 33
17 162
18 28
18 63
18 64
19 33
19 64
19 147
19 154
20 33
20 64
20 147
20 154
20 193
21 64
21 162
22 162
22 193
23 162
24 162
25 305
26 28
26 33
26 193
26 809
26 1172
27 28
27 33
27 162
27 193
27 1301
27 68
28 29
28 30
28 31
28 32
28 304
28 1172
28 89
33 29
33 34
33 35
33 36
33 37
33 38
33 39
33 40
33 41
33 42
33 43
33 44
33 45
33 46
33 47
33 48
33 49
33 50
33 51
33 52
33 53
33 54
33 55
33 56
33 57
33 58
33 59
33 60
33 61
33 62
33 1172
33 93
64 35
64 39
64 43
64 44
64 47
64 48
64 51
64 53
64 55
64 56
64 58
64 59
64 65
64 66
64 67
64 68
64 69
64 70
64 71
64 72
64 73
64 74
64 75
64 76
64 77
64 78
64 79
64 80
64 81
64 82
64 83
64 84
64 85
64 86
64 87
64 88
64 89
64 90
64 91
64 92
64 93
64 94
64 95
64 96
64 97
64 98
64 99
64 100
64 101
64 102
64 103
64 104
64 105
64 106
64 107
64 108
64 109
64 110
64 111
64 112
64 113
64 114
64 115
64 116
64 117
64 118
64 119
64 120
64 121
64 122
64 123
64 124
64 125
64 126
64 127
64 128
64 129
64 130
64 131
64 132
64 133
64 134
64 135
64 136
64 137
64 138
64 139
64 140
64 141
64 142
64 143
64 144
64 145
64 146
64 205
64 210
64 15
64 77
304 266
304 326
304 327
304 328
147 29
147 38
147 39
147 51
147 55
147 60
147 65
147 66
147 67
147 73
147 84
147 92
147 96
147 100
147 104
147 113
147 114
147 124
147 133
147 140
147 141
147 148
147 149
147 150
147 151
147 152
147 153
147 205
147 206
147 73
154 29
154 44
154 51
154 65
154 67
154 72
154 73
154 75
154 86
154 90
154 93
154 96
154 100
154 104
154 105
154 106
154 110
154 114
154 119
154 124
154 126
154 127
154 128
154 139
154 142
154 146
154 155
154 156
154 157
154 158
154 159
154 160
154 161
154 205
154 16
154 57
162 30
162 42
162 45
162 52
162 53
162 55
162 56
162 58
162 60
162 62
162 84
162 87
162 88
162 89
162 100
162 106
162 115
162 124
162 130
162 131
162 139
162 143
162 144
162 145
162 146
162 161
162 163
162 164
162 165
162 166
162 167
162 168
162 169
162 170
162 171
162 172
162 173
162 174
162 175
162 176
162 177
162 178
162 179
162 180
162 181
162 182
162 183
162 184
162 185
162 186
162 187
162 188
162 189
162 190
162 191
162 192
162 206
162 207
193 29
193 35
193 38
193 43
193 52
193 54
193 55
193 65
193 145
193 146
193 148
193 150
193 161
193 173
193 175
193 178
193 181
193 182
193 194
193 195
193 196
193 197
193 198
193 199
193 200
193 201
193 202
193 203
193 204
193 19
193 44
193 85
31 94
46 263
50 53
54 1171
54 1172
55 1269
58 1329
58 24
59 96
60 920
81 1109
81 1111
88 1
93 1268
918 919
100 20
580 581
580 582
580 591
580 592
580 593
580 594
580 595
580 596
580 603
580 604
580 608
106 926
106 1312
115 13
1160 671
1160 1166
124 61
1290 1269
1290 1291
1297 1194
1297 1269
1297 1286
131 80
136 1254
780 767
780 781
146 272
146 273
146 1243
263 264
263 274
263 275
263 278
263 283
920 921
920 1096
920 1097
920 1098
920 1099
920 1100
920 1101
920 1103
920 1104
920 1235
920 1448
1109 293
1109 1105
1109 1106
1111 293
1111 1106
1172 1173
1268 986
1268 1269
1268 1270
1269 218
1269 607
1269 617
1269 1194
1269 1217
1269 1286
1269 1292
1269 1293
1269 1294
1269 1313
1269 1314
1269 1321
1269 1322
1269 1329
1269 1333
1269 1334
1269 1338
1269 1341
1269 1342
1269 1343
1269 1351
1269 1352
1269 1356
1269 1404
1269 5
1269 82
1301 854
1329 211
1329 289
1329 14
159 1174
169 969
169 970
169 1216
169 1217
169 1231
169 1264
169 1452
181 1444
183 1194
183 1216
183 1217
183 1218
192 12
969 650
969 968
969 970
969 1217
970 968
970 1194
970 48
970 92
194 1423
197 98
199 754
199 1222
199 1254
204 17
754 239
754 755
754 756
754 757
754 758
754 759
208 209
211 212
211 906
212 72
213 214
213 215
214 215
214 216
216 217
218 219
218 220
218 221
218 222
218 223
218 339
218 863
218 50
219 21
223 796
339 340
339 341
339 342
339 343
339 344
339 427
339 1151
339 58
863 37
224 225
224 226
224 227
227 228
229 230
229 324
229 1238
229 1293
231 232
231 233
231 234
231 235
231 236
231 237
233 530
233 535
233 539
233 2
530 422
530 531
530 532
530 533
530 534
530 536
530 537
530 538
530 540
530 541
530 542
530 544
530 545
530 546
530 548
530 549
530 550
535 422
535 531
535 532
535 533
535 534
535 536
535 537
535 538
539 422
539 531
539 532
539 533
539 534
539 536
539 537
539 538
539 540
539 541
539 542
539 543
539 544
539 545
539 546
539 547
539 548
539 549
539 550
539 63
238 239
238 1024
239 295
239 306
239 307
239 407
239 623
239 1125
239 1161
239 1411
240 241
240 242
240 243
240 244
240 245
240 246
240 247
240 248
240 249
240 250
240 251
240 252
240 253
240 254
240 255
240 256
240 257
240 258
240 259
240 27
240 86
244 265
244 301
244 501
244 695
265 266
301 619
695 31
260 261
260 262
260 269
269 762
283 284
283 285
267 268
762 323
762 458
762 476
762 763
270 271
276 277
276 296
276 1033
279 280
281 282
281 294
281 670
670 297
670 669
670 671
670 672
670 673
670 674
670 675
670 676
285 465
285 607
465 464
465 489
465 1412
465 1413
465 1415
607 697
607 740
607 890
607 898
607 905
607 943
607 1238
607 1293
607 1335
607 1422
607 1428
286 287
286 882
286 1158
286 1159
288 289
288 308
288 315
288 317
288 319
288 323
288 325
308 514
308 610
308 936
323 514
325 318
325 1250
290 291
290 314
290 316
290 318
290 8
291 1008
291 1009
291 1010
291 47
314 641
314 764
314 766
314 987
316 641
318 641
318 1145
292 293
293 989
297 298
297 1307
298 299
298 300
298 835
298 883
298 903
298 988
299 300
299 744
299 783
299 835
300 702
300 1336
300 1447
835 836
835 837
835 838
835 26
835 84
783 782
702 1023
619 430
302 303
302 430
302 463
302 46
430 431
430 620
463 462
463 480
514 458
514 515
610 611
936 935
936 937
309 310
311 312
311 313
766 515
320 321
320 322
321 322
321 990
321 992
322 1205
990 436
990 991
329 330
330 598
330 938
330 38
598 435
598 599
598 600
598 605
598 606
598 609
938 939
331 332
332 336
332 673
332 1405
332 1406
332 59
336 333
333 334
333 335
333 337
333 338
427 426
427 585
427 588
427 589
427 590
427 597
427 601
427 602
427 1450
345 346
345 347
345 348
345 349
350 351
350 352
350 353
350 354
350 355
350 356
350 1233
350 6
351 352
351 353
351 354
351 355
351 356
351 784
351 1221
351 1233
351 1234
352 353
352 354
352 355
352 356
352 784
352 1233
352 1234
353 354
353 355
353 356
353 784
353 70
354 355
354 356
354 740
355 356
357 358
357 359
357 360
357 361
361 83
362 363
362 364
362 365
362 366
362 367
362 368
362 369
362 370
362 371
362 372
362 373
362 374
362 375
362 376
362 378
362 504
362 1258
363 366
363 368
364 365
364 366
364 367
364 368
364 369
364 370
364 372
364 1094
364 1095
365 369
366 369
367 369
368 369
369 370
369 373
369 374
369 375
369 376
369 377
369 95
370 561
373 504
373 1258
374 504
374 1258
378 504
378 1258
504 464
504 502
504 829
504 1018
504 1049
504 1050
504 1130
504 1258
504 1259
561 558
561 562
561 993
561 994
561 995
561 998
561 999
561 1000
379 380
379 1227
381 382
383 384
384 891
891 752
891 892
385 386
385 387
388 389
388 390
388 29
391 392
393 394
393 395
396 397
398 399
398 909
398 910
400 401
400 402
403 404
405 406
408 409
408 410
408 411
408 412
408 413
408 414
411 719
719 718
719 720
415 416
415 417
416 897
417 897
897 697
897 885
897 896
897 898
897 23
418 419
421 422
423 424
424 425
424 806
428 429
431 1135
431 1136
620 1319
432 433
433 434
433 435
434 506
434 517
435 480
435 643
517 516
480 479
480 481
643 642
436 437
436 438
437 439
437 440
438 439
438 440
439 1024
440 56
440 74
441 442
442 492
442 493
493 494
443 444
443 445
443 446
443 447
443 450
443 451
443 452
443 453
443 454
444 448
446 448
447 448
450 448
451 448
452 448
453 448
454 448
448 449
455 456
456 457
456 458
456 497
456 706
497 464
497 476
497 489
497 495
497 496
497 519
706 464
459 460
459 461
459 482
459 62
460 555
555 505
555 554
555 556
555 798
555 35
464 466
464 467
464 468
464 473
464 502
464 900
464 965
464 1049
464 1130
464 1319
464 1449
466 505
466 839
468 875
468 957
502 495
502 503
900 899
965 503
965 967
489 490
489 491
489 1408
489 90
505 557
839 840
839 841
839 842
839 843
839 844
957 855
469 470
469 471
469 472
469 476
469 491
476 474
476 477
476 478
474 475
474 822
475 477
475 478
822 823
822 824
822 22
477 478
477 961
477 962
477 963
477 964
477 1282
478 617
478 961
617 618
617 821
617 1302
617 1303
617 1304
617 60
483 484
484 485
484 486
484 487
486 1250
487 488
495 496
498 499
498 500
503 966
503 1018
503 1049
503 1431
829 830
507 508
509 510
509 1419
509 28
511 512
511 513
516 518
520 521
520 522
520 523
520 524
520 525
520 526
520 527
520 528
520 529
523 1129
524 527
525 526
525 1128
526 1129
527 1128
529 797
531 693
531 694
534 703
534 752
534 760
534 1071
541 78
542 45
703 704
703 705
752 753
752 876
752 884
551 552
552 553
558 559
558 560
563 564
565 566
567 568
569 570
569 571
570 51
572 573
572 574
573 614
575 576
575 577
578 579
583 584
586 587
599 1020
599 49
605 689
697 696
905 87
612 613
615 616
821 820
621 622
624 625
624 960
625 912
912 911
626 627
626 628
626 629
626 630
626 631
626 645
627 644
627 646
628 644
628 646
628 913
629 644
629 646
629 36
645 644
645 646
633 634
633 635
636 637
638 639
638 640
647 648
649 650
650 1217
651 652
652 765
652 805
652 69
653 654
653 55
654 655
654 656
655 1336
657 658
658 659
658 660
658 661
658 662
658 663
658 71
664 665
664 666
666 1344
667 668
669 817
669 850
669 1024
817 818
817 819
671 1158
676 721
721 722
677 678
678 723
678 724
678 725
725 99
679 680
679 681
682 683
682 1077
684 685
684 686
684 687
684 688
690 691
690 692
691 733
696 698
696 79
699 700
699 701
701 1246
707 708
710 711
710 715
711 712
711 713
711 714
715 825
715 904
825 826
716 717
726 727
726 728
728 1254
729 730
729 731
729 732
729 10
734 735
734 736
734 40
737 738
737 739
739 1158
741 742
741 743
745 746
746 747
748 749
749 769
750 751
755 757
755 774
755 777
755 778
755 779
755 1344
757 773
758 1254
774 773
774 1344
777 773
778 773
773 775
773 776
767 768
770 771
770 772
781 879
781 880
879 929
880 1188
785 786
785 787
787 1309
787 1310
787 1311
788 789
788 790
788 791
788 792
788 793
789 931
794 795
799 800
799 802
799 803
800 801
803 801
803 804
807 808
810 811
810 812
810 813
811 1232
813 814
813 67
815 816
827 828
831 832
833 834
845 846
845 847
848 849
851 852
851 853
853 1178
854 855
854 1115
854 1157
855 1082
855 1083
855 1084
855 1152
855 1153
856 857
858 859
858 860
858 861
861 862
864 865
866 867
866 868
869 870
871 872
871 881
871 902
873 874
873 895
877 878
877 42
885 886
886 887
888 889
888 901
893 894
894 1158
907 908
911 927
911 928
911 930
911 1067
911 1068
911 1069
911 1149
911 1150
914 915
916 917
916 1250
922 923
924 925
932 933
933 934
940 941
940 942
941 1445
944 945
944 946
947 948
949 950
949 951
952 953
953 954
954 65
955 956
958 959
971 972
971 973
971 974
971 975
973 1165
976 977
977 1026
977 1166
978 979
978 980
978 981
978 982
982 983
983 1024
983 1307
984 985
985 986
985 1080
985 1081
996 997
1020 1021
1020 1022
1024 1025
1033 1034
1033 1035
1033 1036
1094 1095
1096 1102
1097 1102
1097 32
1097 91
1098 1102
1099 1102
1100 1102
1101 1102
1115 1116
1158 1007
1174 1175
1174 1179
1174 1180
1174 7
1178 1300
1188 1177
1188 1189
1188 1190
1194 1193
1194 1202
1194 1203
1194 1204
1194 1217
1205 1206
1205 1207
1205 1208
1217 1223
1217 1287
1217 54
1227 1228
1235 1236
1235 1448
1238 1237
1238 1293
1243 1244
1243 1245
1250 1249
1250 1251
1254 88
1282 1281
1282 1295
1282 1296
1307 1279
1307 1308
1319 1320
1336 1337
1344 1345
1344 1346
1408 1409
1411 1410
1413 1414
1445 1446
1449 1450
1450 1451
1001 1002
1001 1003
1001 1004
1005 1006
1005 1007
1007 1407
1011 1012
1012 1013
1014 1015
1015 1016
1015 1017
1019 1041
1019 1154
1041 1361
1041 41
1027 1028
1028 11
1029 1030
1031 1032
1031 1247
1032 1085
1037 1038
1039 1040
1361 1170
1361 1362
1361 1363
1361 1364
1361 1365
1361 1366
1361 1367
1361 1368
1361 1369
1361 1370
1361 1371
1361 1372
1361 1373
1361 1374
1361 1375
1361 1376
1361 1377
1361 1378
1361 1379
1361 1380
1361 1381
1361 1382
1361 1383
1361 1384
1361 1385
1361 1386
1361 1387
1361 1388
1361 1389
1361 1390
1361 1391
1361 1392
1361 1393
1361 1394
1361 1395
1361 1396
1361 1397
1361 1398
1361 1399
1361 1400
1361 1401
1361 1402
1361 1403
1361 52
1042 1043
1042 1044
1045 1046
1046 1090
1046 1091
1047 1048
1051 1052
1053 1054
1054 1055
1056 1057
1056 1058
1056 1059
1056 1060
1056 1061
1060 1062
1061 1062
1063 1064
1065 1066
1072 1073
1074 1075
1075 1076
1078 1079
1086 1087
1086 1088
1086 1089
1087 1088
1092 1093
1105 1106
1105 1107
1105 1108
1106 1110
1106 1112
1113 1114
1117 1118
1117 1119
1118 1133
1118 1134
1118 1137
1118 1138
1118 1139
1120 1121
1120 1122
1123 1124
1126 1127
1131 1132
1140 1141
1140 1142
1143 1144
1146 1147
1147 1148
1147 1164
1155 1156
1162 1163
1167 1168
1167 1294
1167 18
1168 81
1169 1170
1176 1177
1181 1182
1181 1183
1181 1184
1181 1185
1181 1186
1181 1187
1182 4
1191 1192
1195 1196
1195 1248
1197 1198
1198 1199
1200 1201
1200 1286
1286 1285
1209 1210
1210 1211
1212 1213
1214 1215
1223 1224
1287 1285
1219 1220
1225 1226
1229 1230
1239 1240
1241 1242
1252 1253
1255 1256
1255 1257
1260 1261
1262 1263
1263 1267
1265 1266
1322 1323
1322 1324
1322 1325
1338 1339
1338 1340
1351 1355
1271 1272
1272 1273
1274 1275
1274 1276
1275 1276
1277 1278
1279 1280
1279 1306
1279 1427
1279 1453
1306 1305
1427 1426
1453 1454
1283 1284
1288 1289
1289 1330
1289 1416
1298 1299
1315 1316
1317 1318
1326 1327
1326 1328
1331 1332
1345 43
1347 1348
1349 1350
1355 1353
1353 1354
1357 1358
1357 1359
1358 1359
1359 1360
1360 66
1376 34
1391 3
1414 30
1417 1418
1420 1421
1420 1432
1420 1433
1421 1432
1421 1433
1421 1434
1424 1425
1429 1430
1435 1436
1435 1437
1435 1438
1435 1439
1435 1440
1435 1441
1435 1442
1436 1439
1436 1442
1436 1443
1436 75
1439 1440
1439 1442
1440 1442
1440 39
1441 33
