0 1
0 2
0 3
0 4
0 5
0 6
0 9
0 11
0 12
0 14
0 18
0 22
0 24
0 26
0 31
0 34
0 38
0 39
0 40
0 43
0 47
0 49
0 50
0 52
0 54
0 56
0 65
0 68
0 74
0 75
0 79
0 83
0 84
0 110
0 116
0 128
0 141
0 142
0 145
0 151
0 152
0 162
0 166
0 168
0 179
0 180
0 189
0 196
0 197
0 198
0 200
0 206
0 208
0 217
0 230
0 252
0 286
0 295
0 301
0 318
0 335
0 343
0 348
0 367
0 381
0 399
0 404
0 431
0 448
0 450
0 455
0 459
0 460
0 465
0 491
0 503
0 521
0 527
0 528
0 538
0 543
0 554
0 556
0 558
0 564
0 580
0 581
0 590
0 622
0 644
0 652
0 656
0 673
0 677
0 710
0 713
0 751
0 756
0 773
0 786
0 815
0 823
0 828
0 853
0 854
0 872
0 892
0 916
0 922
0 938
0 957
0 982
0 996
1 5
1 8
1 11
1 13
1 15
1 34
1 38
1 40
1 45
1 53
1 66
1 76
1 77
1 86
1 89
1 91
1 100
1 104
1 120
1 124
1 126
1 134
1 160
1 165
1 221
1 250
1 262
1 265
1 280
1 326
1 336
1 374
1 444
1 488
1 508
1 526
1 569
1 572
1 632
1 636
1 640
1 673
1 841
1 860
1 899
1 915
1 955
1 995
2 6
2 7
2 9
2 10
2 15
2 16
2 23
2 33
2 35
2 37
2 47
2 57
2 62
2 108
2 195
2 254
2 270
2 278
2 285
2 312
2 313
2 345
2 362
2 396
2 446
2 552
2 569
2 674
2 701
2 746
2 809
2 956
2 962
3 5
3 12
3 17
3 31
3 77
3 94
3 97
3 175
3 330
3 378
3 391
3 420
3 425
3 618
3 651
3 890
4 5
4 6
4 7
4 8
4 9
4 10
4 11
4 12
4 18
4 24
4 34
4 49
4 55
4 68
4 123
4 143
4 179
4 205
4 214
4 297
4 326
4 341
4 412
4 510
4 683
4 715
4 861
4 875
4 921
5 6
5 7
5 8
5 10
5 13
5 14
5 15
5 16
5 17
5 18
5 19
5 22
5 24
5 25
5 29
5 30
5 32
5 33
5 35
5 43
5 45
5 54
5 59
5 61
5 64
5 66
5 67
5 73
5 74
5 86
5 88
5 96
5 108
5 111
5 114
5 118
5 131
5 136
5 150
5 151
5 160
5 168
5 173
5 181
5 187
5 192
5 196
5 200
5 201
5 204
5 210
5 213
5 219
5 227
5 233
5 279
5 284
5 291
5 297
5 315
5 316
5 326
5 348
5 359
5 370
5 375
5 376
5 378
5 381
5 384
5 390
5 402
5 403
5 415
5 416
5 418
5 441
5 442
5 444
5 454
5 466
5 472
5 477
5 505
5 509
5 514
5 527
5 529
5 536
5 550
5 551
5 566
5 570
5 575
5 615
5 624
5 626
5 628
5 630
5 661
5 688
5 734
5 735
5 736
5 745
5 749
5 766
5 772
5 782
5 797
5 799
5 815
5 858
5 864
5 887
5 892
5 899
5 907
5 939
5 945
5 989
5 995
6 7
6 8
6 10
6 12
6 21
6 23
6 27
6 28
6 31
6 32
6 36
6 40
6 42
6 46
6 53
6 59
6 60
6 67
6 68
6 92
6 109
6 112
6 114
6 115
6 127
6 134
6 137
6 138
6 173
6 179
6 204
6 243
6 255
6 288
6 298
6 303
6 308
6 320
6 321
6 334
6 351
6 359
6 360
6 382
6 406
6 408
6 427
6 458
6 471
6 480
6 484
6 547
6 549
6 557
6 578
6 581
6 597
6 615
6 646
6 655
6 713
6 716
6 721
6 736
6 796
6 800
6 812
6 863
6 878
6 893
6 899
6 906
6 928
6 959
6 963
6 991
7 11
7 13
7 53
7 72
7 77
7 85
7 89
7 169
7 195
7 198
7 212
7 261
7 274
7 289
7 296
7 454
7 458
7 501
7 546
7 572
7 649
7 653
7 758
7 914
8 9
8 20
8 22
8 25
8 72
8 76
8 103
8 117
8 203
8 239
8 267
8 307
8 378
8 497
8 597
8 622
8 631
8 650
8 659
8 696
8 714
8 755
8 881
8 891
8 905
8 910
8 971
8 981
8 983
9 15
9 17
9 25
9 26
9 29
9 36
9 51
9 58
9 84
9 87
9 96
9 108
9 123
9 135
9 138
9 143
9 169
9 174
9 178
9 193
9 215
9 217
9 228
9 245
9 262
9 332
9 436
9 493
9 516
9 519
9 551
9 587
9 589
9 591
9 668
9 730
9 743
9 769
9 811
9 816
9 947
9 989
10 14
10 16
10 27
10 39
10 42
10 50
10 54
10 57
10 67
10 86
10 116
10 132
10 148
10 171
10 172
10 184
10 188
10 236
10 243
10 256
10 261
10 269
10 270
10 331
10 343
10 352
10 377
10 385
10 401
10 408
10 451
10 457
10 458
10 490
10 529
10 538
10 569
10 614
10 616
10 634
10 648
10 702
10 703
10 714
10 752
10 771
10 782
10 792
10 843
10 850
10 871
10 895
10 997
11 13
11 14
11 19
11 23
11 26
11 40
11 42
11 47
11 67
11 78
11 83
11 89
11 93
11 101
11 105
11 112
11 122
11 199
11 201
11 212
11 257
11 264
11 269
11 294
11 363
11 372
11 391
11 395
11 410
11 435
11 513
11 557
11 595
11 603
11 639
11 663
11 692
11 715
11 825
11 829
11 840
11 877
11 898
11 917
11 920
12 20
12 27
12 29
12 42
12 49
12 54
12 58
12 64
12 78
12 91
12 93
12 138
12 149
12 154
12 163
12 180
12 185
12 186
12 324
12 353
12 356
12 404
12 435
12 475
12 496
12 511
12 518
12 567
12 629
12 678
12 681
12 691
12 702
12 736
12 789
12 909
13 19
13 33
13 38
13 63
13 66
13 82
13 83
13 101
13 119
13 121
13 178
13 223
13 254
13 257
13 264
13 271
13 272
13 275
13 303
13 311
13 316
13 322
13 364
13 394
13 432
13 513
13 515
13 579
13 618
13 637
13 674
13 681
13 757
13 815
13 873
13 919
13 924
13 963
13 983
13 990
14 16
14 17
14 18
14 19
14 27
14 28
14 32
14 35
14 41
14 48
14 73
14 95
14 98
14 101
14 113
14 117
14 177
14 233
14 244
14 312
14 342
14 346
14 350
14 391
14 398
14 402
14 439
14 471
14 476
14 523
14 542
14 555
14 562
14 571
14 578
14 694
14 721
14 776
14 830
14 964
14 985
14 990
15 20
15 29
15 30
15 34
15 46
15 65
15 127
15 133
15 135
15 136
15 145
15 201
15 208
15 297
15 355
15 423
15 429
15 459
15 591
15 595
15 734
15 742
15 746
15 835
15 905
16 37
16 38
16 46
16 62
16 64
16 83
16 124
16 179
16 183
16 184
16 191
16 209
16 215
16 217
16 224
16 260
16 301
16 444
16 463
16 601
16 607
16 618
16 665
16 684
16 768
16 787
16 938
17 21
17 32
17 33
17 39
17 44
17 55
17 58
17 96
17 115
17 122
17 129
17 155
17 156
17 188
17 206
17 237
17 245
17 269
17 276
17 334
17 363
17 403
17 437
17 452
17 535
17 552
17 556
17 563
17 584
17 610
17 640
17 684
17 709
17 726
17 798
17 809
17 838
17 849
17 851
17 944
17 950
17 957
17 958
18 20
18 21
18 28
18 44
18 52
18 57
18 61
18 70
18 71
18 74
18 80
18 99
18 111
18 134
18 167
18 184
18 186
18 220
18 240
18 255
18 266
18 267
18 274
18 277
18 281
18 337
18 338
18 477
18 504
18 531
18 546
18 572
18 607
18 611
18 616
18 643
18 650
18 715
18 809
18 818
18 907
18 917
18 929
19 28
19 30
19 36
19 48
19 64
19 100
19 217
19 323
19 498
19 589
19 675
19 738
19 920
19 941
20 21
20 68
20 76
20 81
20 94
20 111
20 125
20 131
20 148
20 154
20 156
20 188
20 206
20 215
20 259
20 270
20 292
20 334
20 348
20 469
20 573
20 605
20 696
20 700
20 718
20 724
20 795
20 818
20 826
20 964
21 22
21 41
21 47
21 78
21 91
21 97
21 104
21 129
21 145
21 153
21 246
21 289
21 293
21 302
21 369
21 388
21 409
21 456
21 520
21 628
21 657
21 756
21 799
22 23
22 24
22 31
22 85
22 104
22 151
22 164
22 190
22 226
22 259
22 300
22 335
22 345
22 422
22 439
22 487
22 555
22 568
22 592
22 611
22 694
22 748
22 778
22 800
22 817
22 832
22 838
22 839
22 959
23 46
23 93
23 123
23 146
23 165
23 318
23 483
23 547
23 885
24 25
24 26
24 69
24 71
24 97
24 138
24 145
24 189
24 190
24 222
24 285
24 294
24 306
24 323
24 350
24 401
24 407
24 420
24 450
24 668
24 716
24 840
24 869
25 37
25 41
25 49
25 62
25 65
25 99
25 137
25 141
25 163
25 170
25 187
25 197
25 199
25 218
25 273
25 325
25 333
25 349
25 400
25 411
25 457
25 465
25 490
25 508
25 617
25 676
25 677
25 724
25 814
26 70
26 87
26 116
26 143
26 151
26 170
26 224
26 275
26 304
26 342
26 409
26 460
26 480
26 490
26 492
26 506
26 610
26 664
26 671
26 757
27 30
27 56
27 59
27 66
27 72
27 87
27 98
27 115
27 153
27 183
27 185
27 192
27 328
27 360
27 468
27 559
27 564
27 618
27 655
27 759
27 760
27 951
27 966
28 43
28 51
28 55
28 63
28 92
28 95
28 128
28 146
28 160
28 189
28 273
28 280
28 384
28 394
28 414
28 422
28 429
28 433
28 498
28 520
28 719
28 772
28 794
28 808
28 819
28 820
28 863
28 900
29 36
29 63
29 70
29 79
29 81
29 92
29 200
29 209
29 251
29 276
29 330
29 338
29 348
29 574
29 699
29 726
29 766
29 839
29 852
29 875
29 904
29 925
29 945
30 35
30 52
30 84
30 90
30 92
30 98
30 105
30 135
30 144
30 158
30 208
30 212
30 225
30 257
30 372
30 406
30 412
30 424
30 633
30 677
30 679
30 704
30 705
30 727
30 955
30 980
30 987
31 45
31 56
31 102
31 122
31 133
31 226
31 288
31 373
31 388
31 402
31 403
31 428
31 488
31 544
31 814
31 938
31 969
32 37
32 41
32 43
32 44
32 69
32 75
32 76
32 107
32 124
32 129
32 134
32 159
32 164
32 176
32 183
32 204
32 213
32 236
32 248
32 259
32 278
32 283
32 292
32 293
32 298
32 340
32 357
32 374
32 379
32 435
32 465
32 495
32 498
32 542
32 638
32 652
32 685
32 688
32 707
32 712
32 764
32 836
32 839
32 891
32 967
33 57
33 80
33 106
33 127
33 169
33 194
33 198
33 202
33 232
33 265
33 401
33 467
33 477
33 486
33 533
33 555
33 562
33 588
33 667
33 726
33 775
33 826
33 854
33 887
33 930
33 931
33 978
33 984
34 39
34 63
34 71
34 86
34 90
34 103
34 107
34 110
34 126
34 129
34 140
34 171
34 191
34 209
34 219
34 241
34 245
34 258
34 329
34 344
34 359
34 396
34 448
34 489
34 543
34 630
34 672
34 676
34 733
34 754
34 804
34 821
34 822
34 854
34 894
34 985
35 48
35 50
35 85
35 207
35 255
35 269
35 310
35 358
35 440
35 466
35 486
35 643
35 764
35 781
35 859
36 55
36 119
36 127
36 268
36 283
36 328
36 559
36 646
36 671
36 785
36 935
37 53
37 56
37 58
37 60
37 65
37 84
37 113
37 122
37 133
37 139
37 176
37 210
37 228
37 230
37 231
37 247
37 284
37 294
37 313
37 351
37 352
37 360
37 368
37 380
37 382
37 444
37 470
37 560
37 562
37 569
37 570
37 591
37 671
37 684
37 751
37 752
37 836
37 870
37 920
37 922
37 929
37 969
38 61
38 78
38 128
38 135
38 171
38 397
38 408
38 479
38 502
38 519
38 527
38 540
38 546
38 607
38 732
38 785
38 802
38 901
38 911
38 917
39 44
39 45
39 142
39 169
39 330
39 479
39 518
39 524
39 608
39 775
39 950
40 102
40 121
40 223
40 361
40 689
40 744
40 773
40 903
41 51
41 81
41 103
41 117
41 172
41 282
41 398
41 421
41 483
41 505
41 525
41 571
41 592
41 656
41 665
41 768
41 965
41 967
42 48
42 51
42 60
42 79
42 119
42 125
42 137
42 161
42 240
42 281
42 327
42 340
42 361
42 364
42 379
42 487
42 521
42 532
42 577
42 671
42 766
42 780
42 794
42 812
42 845
42 975
43 72
43 82
43 157
43 173
43 234
43 242
43 263
43 319
43 331
43 377
43 619
43 676
43 722
43 735
43 825
43 849
44 50
44 74
44 75
44 77
44 105
44 121
44 194
44 212
44 250
44 279
44 302
44 315
44 393
44 396
44 415
44 491
44 493
44 551
44 559
44 625
44 745
44 797
44 806
44 868
44 927
45 60
45 88
45 124
45 159
45 162
45 196
45 259
45 295
45 515
45 542
45 561
45 592
45 888
45 968
46 185
46 211
46 235
46 347
46 387
46 464
46 491
46 580
46 621
46 663
46 723
46 942
46 972
47 100
47 159
47 166
47 215
47 231
47 242
47 245
47 248
47 256
47 290
47 408
47 429
47 609
47 789
47 846
47 912
47 953
47 969
47 986
47 990
48 95
48 310
48 735
48 753
48 881
49 94
49 102
49 339
49 362
49 369
49 483
49 583
49 634
49 943
49 951
50 52
50 73
50 95
50 114
50 148
50 152
50 161
50 174
50 222
50 223
50 346
50 362
50 363
50 366
50 370
50 479
50 511
50 548
50 576
50 614
50 628
50 630
50 645
50 774
50 791
50 809
50 879
50 940
50 973
51 82
51 111
51 126
51 161
51 202
51 225
51 248
51 267
51 291
51 313
51 593
51 612
51 613
51 646
51 668
51 862
51 981
52 109
52 132
52 173
52 252
52 605
52 690
53 113
53 131
53 336
53 459
53 504
53 612
53 808
53 850
53 981
54 88
54 260
54 482
54 844
55 70
55 75
55 89
55 157
55 187
55 278
55 405
55 437
55 456
55 501
55 507
55 515
55 520
55 540
55 553
55 578
55 666
55 709
55 876
55 910
55 962
56 105
56 147
56 194
56 221
56 314
56 398
56 414
56 442
56 461
56 510
56 591
56 951
57 61
57 62
57 69
57 82
57 91
57 94
57 99
57 153
57 176
57 193
57 203
57 362
57 557
57 692
57 777
57 826
57 940
58 59
58 73
58 182
58 218
58 229
58 242
58 327
58 329
58 385
58 410
58 500
58 531
58 587
58 690
58 716
58 749
58 820
58 893
59 230
59 325
59 474
59 908
59 937
60 304
60 371
60 489
60 752
60 897
61 71
61 80
61 166
61 190
61 227
61 243
61 256
61 260
61 261
61 299
61 313
61 314
61 565
61 595
61 629
61 653
61 680
61 683
62 110
62 114
62 130
62 309
62 353
62 383
62 424
62 528
62 561
62 805
62 918
63 81
63 174
63 209
63 218
63 426
63 443
63 816
63 960
64 232
64 237
64 332
64 367
64 473
64 566
64 682
64 713
64 865
65 69
65 143
65 150
65 153
65 158
65 191
65 317
65 356
65 377
65 412
65 462
65 475
65 740
65 781
65 917
65 996
66 101
66 103
66 113
66 200
66 250
66 383
66 496
66 541
66 918
66 934
67 87
67 130
67 182
67 239
67 316
67 428
67 436
67 456
67 617
67 786
67 788
67 792
67 931
67 949
67 967
67 972
68 106
68 133
68 481
68 620
68 861
68 874
68 887
69 79
69 100
69 118
69 175
69 236
69 287
69 381
69 387
69 513
69 598
69 606
69 617
69 649
69 654
69 695
69 720
69 780
69 857
69 891
69 931
70 820
70 964
71 136
71 196
71 233
71 675
71 906
71 926
71 978
72 170
72 181
72 249
72 307
72 386
72 422
72 593
72 719
72 977
73 149
73 167
73 421
73 447
73 462
73 473
73 520
73 728
73 767
74 93
74 106
74 130
74 204
74 252
74 739
74 741
75 165
75 208
75 692
76 125
76 147
76 167
76 273
76 304
76 323
76 346
76 351
76 356
76 375
76 402
76 434
76 546
76 674
76 786
76 820
76 902
76 947
77 249
77 358
77 974
78 80
78 117
78 140
78 160
78 195
78 306
78 359
78 374
78 387
78 418
78 536
78 537
78 568
78 753
78 793
78 846
79 85
79 104
79 115
79 203
79 265
79 272
79 349
79 377
79 567
79 740
79 801
80 109
80 314
80 446
80 497
80 589
80 681
80 689
80 725
80 985
81 149
81 172
81 345
81 389
82 283
82 369
82 532
82 552
82 594
82 647
82 651
82 662
82 727
82 943
82 979
83 88
83 96
83 205
83 218
83 337
83 463
83 509
83 576
83 642
83 730
83 833
83 881
84 247
84 956
85 90
85 102
85 112
85 141
85 229
85 253
85 287
85 419
85 642
85 721
85 749
86 120
86 216
86 240
86 296
86 305
86 321
86 375
86 417
86 438
86 813
86 855
86 961
87 90
87 146
87 147
87 299
87 303
87 333
87 499
87 698
87 781
87 785
87 956
87 970
87 994
88 168
88 194
88 303
88 320
88 413
88 474
88 539
88 804
88 941
89 97
89 136
89 147
89 205
89 247
89 268
89 309
89 340
89 361
89 393
89 405
89 429
89 440
89 642
89 659
89 730
89 774
89 808
89 821
89 837
89 842
89 857
89 880
89 893
89 922
89 994
90 107
90 162
90 223
90 292
90 294
90 299
90 302
90 322
90 363
90 409
90 507
90 543
90 550
90 576
90 601
90 779
91 106
91 108
91 118
91 120
91 130
91 141
91 235
91 385
91 400
91 517
91 524
91 606
91 731
91 936
92 154
92 157
92 197
92 203
92 253
92 353
92 514
92 735
93 98
93 112
93 118
93 121
93 178
93 272
93 394
93 492
93 522
93 560
93 657
93 895
94 126
94 152
94 155
94 210
94 213
94 235
94 334
94 366
94 497
94 525
94 646
94 655
94 817
94 913
94 928
94 946
95 99
95 156
95 249
95 251
95 285
95 324
95 329
95 374
95 526
95 728
96 107
96 251
96 400
96 456
96 512
96 867
97 110
97 137
97 177
97 207
97 240
97 315
97 445
97 565
97 577
97 588
97 598
97 662
97 754
97 859
98 125
98 167
98 256
98 392
98 855
98 889
99 155
99 238
99 291
99 400
99 432
99 482
99 540
99 632
99 680
99 847
99 895
100 123
100 180
100 195
100 205
100 229
100 397
100 409
100 426
100 445
100 453
100 457
100 503
100 562
100 666
100 845
100 873
100 914
100 976
101 293
101 296
101 470
101 880
101 956
102 260
102 325
102 347
102 489
102 866
103 109
103 119
103 139
103 140
103 425
103 426
103 525
103 743
103 748
103 966
104 509
104 785
105 253
105 266
105 869
106 120
106 142
106 181
106 183
106 277
106 323
106 384
106 639
106 770
106 772
106 796
106 993
107 116
107 139
107 158
107 171
107 188
107 190
107 211
107 278
107 367
107 430
107 448
107 461
107 517
107 527
107 534
107 639
107 649
107 657
107 695
107 704
107 794
107 825
107 848
108 166
108 177
108 178
108 202
108 219
108 222
108 229
108 252
108 274
108 291
108 411
108 478
108 661
108 707
108 727
108 764
108 810
108 831
108 884
109 155
109 279
109 310
109 397
109 403
109 460
109 521
109 558
109 603
110 242
110 281
110 290
110 394
111 149
111 241
111 635
111 645
111 870
112 165
112 193
112 198
112 404
112 472
112 482
112 656
112 738
112 855
112 932
113 207
113 228
113 426
113 885
114 258
114 317
115 132
115 530
116 142
116 150
116 237
116 366
116 686
116 711
116 761
116 927
117 131
117 189
117 220
117 262
117 293
117 341
117 382
118 534
118 619
118 705
118 905
119 157
119 164
119 318
119 349
119 443
119 553
120 182
120 192
120 327
120 375
120 420
120 545
120 604
120 713
120 774
120 788
120 841
121 140
121 226
121 761
122 324
122 381
122 442
122 558
122 652
122 741
123 144
123 152
123 206
123 266
123 356
123 411
123 447
123 609
123 741
123 787
123 907
123 946
123 968
124 139
124 219
124 239
124 351
124 354
124 368
124 405
124 437
124 565
124 599
124 600
124 647
124 725
124 813
124 876
124 913
124 938
124 944
125 148
125 328
125 389
125 447
125 523
125 596
125 626
125 680
125 831
126 305
126 306
126 308
126 423
126 488
126 867
126 888
126 901
126 962
127 128
127 236
127 414
127 755
127 763
127 947
128 186
128 231
128 406
128 573
128 811
128 829
129 154
129 158
129 175
129 395
129 571
129 665
130 132
130 150
130 164
130 302
130 686
130 716
130 750
130 829
130 973
131 246
131 468
131 474
131 524
131 621
132 144
132 146
132 174
132 186
132 214
132 237
132 289
132 295
132 330
132 349
132 367
132 373
132 397
132 431
132 445
132 492
132 667
132 882
132 954
133 647
134 156
134 176
134 301
134 416
134 478
134 511
134 526
134 687
134 887
134 988
135 214
135 319
135 419
135 433
135 533
135 813
136 144
136 184
136 193
136 270
136 511
136 535
136 685
136 782
136 861
136 935
136 999
137 210
137 254
137 340
137 350
137 417
137 505
137 574
137 784
137 787
137 961
137 972
137 984
138 159
138 216
138 401
138 698
138 767
138 863
138 932
139 368
140 467
140 647
140 790
140 939
141 172
141 177
141 213
141 261
141 271
141 333
141 365
141 564
141 753
141 769
141 880
142 235
142 577
142 682
142 690
142 916
143 288
143 556
143 697
144 162
145 241
145 341
145 388
145 720
146 191
146 220
146 244
146 395
146 468
146 531
146 844
146 862
147 318
147 365
147 512
147 537
147 668
148 187
149 202
150 161
150 163
150 355
150 388
150 417
150 545
150 641
150 678
150 843
151 472
151 605
151 786
151 999
152 181
152 510
153 748
154 163
154 197
154 221
154 298
154 386
154 704
154 746
154 955
155 770
156 182
156 486
156 570
156 679
156 819
156 847
156 867
156 965
157 224
157 484
158 180
158 309
158 918
158 950
159 225
159 432
159 488
159 654
159 666
159 978
160 709
160 888
161 168
161 216
161 360
161 382
161 440
161 549
161 594
161 665
161 790
161 818
161 941
161 952
162 170
162 248
162 333
162 390
162 407
162 449
162 451
162 503
162 870
162 883
162 905
163 199
163 414
163 418
163 419
163 455
163 941
165 211
165 421
165 503
165 563
165 660
165 747
166 247
166 271
166 276
166 355
166 365
166 423
166 556
166 687
166 703
166 743
166 923
166 959
168 224
168 227
168 357
168 446
169 244
169 296
169 305
169 307
169 315
169 485
169 736
170 277
170 608
170 625
171 221
171 309
171 452
171 475
171 723
171 778
171 818
171 937
172 175
172 233
172 365
172 534
172 801
172 810
172 882
173 192
173 228
173 280
173 434
173 543
174 300
174 357
175 325
175 361
175 393
175 650
175 913
176 311
176 337
176 343
176 413
176 494
177 227
177 232
177 536
177 622
178 352
178 554
178 658
178 680
178 701
178 954
179 185
179 222
179 268
179 329
179 364
179 434
179 501
179 528
179 592
180 220
180 317
180 368
180 499
180 705
180 834
181 373
181 464
181 550
181 711
181 852
182 350
182 432
182 763
182 875
183 199
183 317
183 391
183 675
183 842
185 254
185 648
185 796
186 232
187 358
187 421
187 553
187 575
187 611
187 633
187 929
188 987
189 326
189 653
189 706
189 877
190 519
190 523
190 934
191 238
191 263
191 286
191 338
191 599
191 807
191 821
191 833
191 863
191 864
192 383
193 234
193 609
193 621
193 679
193 763
194 464
194 872
195 225
195 226
195 316
195 578
196 238
196 320
196 399
196 428
196 484
196 508
196 510
196 636
196 706
196 902
197 207
197 557
197 791
197 886
197 968
198 214
198 262
198 264
198 272
198 320
198 354
198 465
198 504
198 638
198 883
198 971
199 201
199 265
199 286
199 299
199 339
199 342
199 364
199 415
199 685
199 729
199 886
200 279
200 371
200 372
200 399
200 450
200 629
201 682
202 230
202 238
202 241
202 280
202 371
202 413
202 490
202 558
202 688
202 755
202 800
202 849
202 943
203 476
203 644
203 822
203 904
203 911
203 912
204 454
204 775
204 862
205 211
205 314
205 711
205 846
206 554
206 798
206 844
207 246
207 379
208 321
208 390
208 455
208 514
208 765
209 257
209 284
209 684
210 244
210 305
210 327
210 385
210 451
210 463
210 469
210 499
210 582
210 593
211 234
211 275
211 451
211 579
211 672
211 699
211 900
212 533
212 763
212 870
213 216
213 344
213 440
213 470
213 523
213 525
213 691
213 744
214 353
214 425
214 567
215 243
215 255
215 284
215 344
215 427
215 485
215 762
216 239
216 909
216 935
217 271
217 498
217 688
218 463
218 667
218 742
218 927
219 231
219 246
219 324
219 355
219 482
219 623
219 634
219 635
219 771
219 973
220 287
220 308
220 396
220 538
220 923
221 512
221 529
221 619
221 970
222 311
222 337
222 339
222 635
222 683
222 814
223 717
224 530
224 640
224 948
225 275
225 344
225 386
225 449
225 837
226 258
226 376
226 500
226 539
227 251
227 253
227 264
227 321
227 338
227 594
227 628
227 655
227 670
227 814
227 832
228 449
228 486
228 540
228 855
228 942
229 347
229 476
229 723
230 234
230 282
230 300
230 322
230 454
231 290
231 475
231 507
231 571
231 624
231 751
231 837
231 894
232 250
232 544
232 545
232 681
232 752
232 770
233 281
233 983
234 249
234 263
234 354
234 427
234 434
234 438
234 458
235 331
235 390
235 469
235 518
235 661
235 756
235 799
235 840
235 895
235 909
235 939
236 297
236 495
237 290
237 430
237 439
237 583
237 759
237 779
237 942
238 298
238 731
238 807
238 871
239 301
239 339
239 629
239 710
239 827
239 904
239 949
240 307
241 285
241 319
241 376
242 328
242 600
242 602
242 603
242 658
242 990
243 975
244 573
244 743
245 258
245 288
245 532
245 574
245 633
246 286
247 896
248 306
248 413
248 954
249 289
249 380
249 389
249 418
249 424
249 441
249 582
249 679
249 720
249 827
249 889
249 977
250 386
251 438
251 453
251 496
251 581
252 614
253 277
253 399
253 699
253 947
254 373
254 561
254 874
255 263
255 370
255 496
255 992
256 332
256 729
256 823
257 480
257 561
257 732
258 267
258 276
258 287
258 308
258 366
258 461
258 632
258 878
258 881
258 919
259 441
260 268
260 392
260 430
260 481
260 487
260 769
260 832
262 273
262 598
262 717
263 417
263 650
263 710
263 910
264 807
265 266
265 387
265 781
265 824
265 929
266 322
266 471
266 493
266 791
267 637
267 669
268 282
269 292
269 319
269 884
270 282
270 312
270 336
270 512
270 693
271 584
271 828
272 274
272 407
272 433
272 453
273 310
273 357
273 442
273 702
273 940
273 977
274 867
275 407
275 472
276 601
276 783
277 874
278 395
278 683
278 860
278 914
279 300
279 312
279 483
279 583
279 659
279 707
280 474
280 666
280 725
281 283
281 431
281 864
282 548
283 343
283 410
283 480
283 481
283 485
283 601
284 549
284 696
284 939
285 478
285 494
285 568
285 850
285 853
285 921
286 378
286 685
286 773
286 812
286 935
286 948
286 980
287 336
287 379
287 740
287 745
287 761
288 331
288 462
288 884
289 494
289 637
289 858
289 986
289 991
290 522
291 517
291 548
291 620
291 989
292 354
292 694
293 295
293 585
293 696
293 790
294 304
294 398
294 411
294 479
294 528
294 575
294 667
294 761
294 946
294 969
295 638
295 782
295 883
296 405
296 700
297 779
297 810
298 991
299 577
299 648
299 651
299 745
300 332
302 335
302 416
302 439
302 464
302 541
302 777
302 892
302 899
303 311
303 372
303 455
303 762
304 423
305 879
306 438
306 446
306 541
306 610
306 636
306 737
306 961
307 404
307 499
307 547
307 575
307 660
307 669
307 742
307 868
308 335
308 345
308 530
308 695
308 773
308 950
309 605
309 758
309 885
309 945
310 358
310 376
310 597
310 803
310 918
310 975
310 977
311 504
311 516
311 813
312 384
312 445
313 342
313 380
313 581
313 613
313 697
314 347
314 856
314 902
314 915
315 416
315 615
316 352
316 467
316 822
317 452
317 470
317 478
317 589
317 821
318 447
318 602
318 641
318 824
319 733
319 801
319 979
320 513
320 923
320 968
321 371
321 590
321 847
322 392
322 435
322 517
323 709
323 762
323 831
323 908
323 924
324 412
324 587
324 643
325 415
325 422
325 544
325 585
325 803
327 473
328 346
328 506
329 487
329 502
329 694
329 789
329 801
329 993
330 427
330 436
330 768
330 848
331 988
332 341
332 389
332 718
332 982
333 393
333 481
333 777
333 788
333 840
333 896
334 564
334 570
334 636
335 369
335 502
335 627
335 838
335 942
336 521
336 579
337 608
337 844
337 994
339 807
340 754
340 789
340 806
340 816
341 982
343 491
343 542
343 699
344 677
344 678
344 686
344 751
344 858
345 448
345 649
345 825
347 466
347 534
348 406
348 433
348 682
348 824
348 909
349 537
349 953
349 995
350 437
350 449
350 576
350 914
351 548
351 652
351 718
351 897
352 856
353 539
354 383
354 495
355 436
355 473
355 584
356 609
357 370
357 443
357 450
357 502
357 719
357 812
357 857
360 532
360 689
362 843
363 702
363 747
364 380
364 468
364 835
364 871
365 552
366 410
366 419
366 466
366 633
367 623
367 879
368 755
368 843
369 625
369 675
369 959
370 420
370 590
370 852
370 890
370 915
371 731
371 923
372 452
372 484
372 572
372 741
373 443
373 934
375 833
376 623
376 644
376 811
376 841
377 493
377 549
377 563
377 567
377 803
379 619
379 693
379 725
379 828
380 425
380 590
382 616
382 901
382 933
383 580
384 494
384 612
384 700
384 739
384 850
385 714
385 715
385 747
386 457
386 724
386 987
388 392
388 608
388 770
388 780
389 737
390 506
390 533
390 553
390 624
390 861
391 441
391 697
392 749
394 662
395 431
395 848
397 604
397 687
397 952
399 604
399 708
399 771
400 756
400 797
401 476
401 842
401 953
401 979
402 428
402 430
402 932
403 796
403 798
403 886
404 501
404 506
404 550
404 555
405 611
406 538
406 659
406 847
407 537
407 554
407 607
407 784
407 889
409 872
409 976
410 757
411 453
411 656
411 673
411 948
412 505
412 586
412 931
414 883
415 827
415 994
416 424
416 526
416 722
416 728
416 877
416 966
417 507
417 522
417 568
417 600
418 485
420 604
421 933
422 614
422 828
423 691
424 664
424 738
425 461
425 596
425 988
426 769
428 559
428 580
428 599
428 898
429 495
429 599
429 670
430 664
430 678
430 692
431 924
432 719
433 551
434 992
435 690
435 866
435 934
436 657
436 767
437 603
438 531
438 582
438 648
438 712
438 764
439 459
439 908
441 660
442 594
442 734
443 467
443 536
443 593
443 627
443 758
443 805
443 853
443 856
443 961
444 672
444 848
444 859
445 631
445 750
445 924
446 522
446 626
446 824
447 500
448 676
448 793
450 563
450 673
450 746
450 872
451 462
451 823
451 932
452 471
452 582
452 634
452 698
452 864
453 622
454 644
455 663
457 460
457 747
457 999
458 477
458 701
459 623
459 739
459 916
460 906
460 925
461 565
462 529
462 708
462 960
463 518
463 544
463 729
466 805
466 957
466 963
467 516
467 645
468 469
468 524
468 545
468 620
468 724
470 586
471 579
471 992
472 541
472 566
472 585
472 631
472 971
473 560
473 882
473 904
474 500
474 783
475 489
475 972
476 547
476 642
476 754
476 802
477 588
478 514
478 610
479 612
480 835
481 508
481 560
481 835
481 853
481 857
481 952
482 645
485 588
485 662
485 798
486 693
486 766
488 670
488 791
489 492
490 602
490 630
490 788
490 891
491 757
492 583
493 718
493 810
493 958
494 497
495 597
496 780
497 708
497 750
497 834
498 726
498 776
498 908
498 911
499 519
499 779
499 795
500 802
500 882
502 595
502 635
503 539
503 586
505 509
505 515
505 777
507 535
507 625
507 806
507 898
508 596
509 516
509 651
510 804
511 874
511 971
514 916
515 946
516 660
516 765
517 658
517 925
518 890
519 632
520 535
520 830
520 873
520 949
521 584
521 626
522 615
523 871
524 598
524 606
524 620
524 832
526 693
527 530
527 778
528 606
528 689
530 654
530 811
531 885
532 586
532 627
532 640
532 737
532 993
533 691
533 767
537 687
537 706
537 730
537 833
537 845
537 851
537 936
539 573
539 587
543 674
543 839
546 894
547 574
547 658
547 760
547 993
548 585
548 816
549 566
550 621
550 712
550 834
551 639
552 858
552 985
552 995
552 998
553 704
553 799
554 817
555 600
555 721
556 733
556 790
558 984
559 695
559 768
559 819
561 596
561 869
562 997
563 637
563 670
563 712
563 815
563 919
563 928
563 933
564 748
565 734
565 912
567 733
567 817
567 876
568 793
568 866
570 920
574 627
575 722
575 819
575 903
578 998
582 669
584 744
584 836
585 897
589 613
589 686
589 703
592 613
593 641
593 806
593 930
594 631
595 783
595 936
596 762
598 616
599 602
599 669
601 653
602 701
604 624
604 641
604 672
604 795
604 970
605 760
605 783
605 866
606 837
606 849
609 722
609 915
611 903
612 907
613 776
615 617
615 643
615 700
616 728
616 976
618 697
618 792
618 982
619 703
619 771
620 661
620 663
620 765
620 876
621 727
621 737
622 996
624 723
624 886
626 729
628 638
629 714
630 851
631 711
633 980
634 951
635 983
637 664
637 836
642 826
642 842
642 944
645 865
646 903
647 717
647 784
648 705
648 707
649 654
649 753
649 797
651 710
651 720
651 958
652 936
653 787
653 930
657 795
658 765
658 988
659 740
659 911
659 937
662 964
662 965
664 805
665 952
666 860
667 744
667 937
670 802
670 913
671 856
671 900
671 944
672 943
674 869
678 933
679 717
679 896
680 759
680 979
682 706
682 775
684 698
684 851
685 838
685 926
686 889
687 894
688 960
691 966
692 830
695 732
695 921
697 731
697 930
699 954
700 742
701 708
701 792
701 830
701 906
701 986
703 865
704 898
707 732
707 827
708 945
709 738
709 978
711 846
720 841
720 862
722 926
725 774
725 880
725 884
727 879
728 963
730 739
730 760
732 986
737 823
739 998
740 758
741 793
741 800
741 912
742 750
742 996
746 759
749 890
751 822
752 778
753 901
754 975
755 859
761 868
763 973
765 831
765 834
766 776
768 772
771 974
775 784
775 921
777 794
778 896
779 958
779 997
781 868
781 967
783 940
785 919
786 893
788 804
792 877
793 892
795 845
796 803
796 888
799 808
801 925
803 900
804 922
805 852
805 878
807 829
817 974
825 860
825 897
825 902
831 865
831 927
833 955
833 974
835 999
837 873
839 878
844 989
848 987
849 854
849 960
860 976
864 984
867 998
868 875
870 970
877 910
877 992
886 965
888 926
888 953
889 997
898 981
901 962
907 928
913 949
913 957
935 991
936 948
941 980
