0 1
0 2
0 3
0 4
0 5
0 6
0 7
0 8
0 9
0 11
0 12
0 13
0 18
0 22
0 25
0 26
0 27
0 30
0 32
0 33
0 36
0 37
0 40
0 41
0 45
0 51
0 53
0 63
0 69
0 76
0 86
0 88
0 89
0 100
0 110
0 118
0 122
0 127
0 129
0 137
0 149
0 151
0 185
0 196
0 212
0 223
0 232
0 233
0 244
0 262
0 265
0 267
0 292
0 295
0 300
0 310
0 314
0 333
0 353
0 356
0 366
0 371
0 376
0 377
0 384
0 404
0 421
0 427
0 433
0 435
0 440
0 459
0 468
0 488
0 494
0 501
0 514
0 526
0 566
0 575
0 576
0 605
0 654
0 656
0 663
0 672
0 709
0 730
0 742
0 755
0 757
0 761
0 796
0 846
0 849
0 855
0 859
0 873
0 889
0 911
0 916
0 921
0 936
0 954
1 7
1 8
1 10
1 29
1 49
1 50
1 53
1 71
1 105
1 113
1 124
1 169
1 173
1 207
1 228
1 244
1 252
1 266
1 270
1 272
1 274
1 291
1 318
1 323
1 350
1 384
1 401
1 432
1 447
1 495
1 534
1 711
1 742
1 776
1 930
1 950
1 951
1 955
2 7
2 8
2 10
2 11
2 12
2 13
2 15
2 18
2 20
2 22
2 25
2 26
2 27
2 36
2 48
2 57
2 74
2 76
2 78
2 84
2 101
2 113
2 117
2 121
2 141
2 147
2 159
2 165
2 190
2 194
2 209
2 237
2 247
2 266
2 297
2 325
2 338
2 344
2 351
2 361
2 377
2 388
2 455
2 457
2 470
2 491
2 498
2 511
2 538
2 548
2 556
2 559
2 562
2 584
2 587
2 588
2 592
2 612
2 622
2 640
2 670
2 692
2 739
2 754
2 775
2 841
2 874
2 876
2 877
2 911
2 937
2 950
2 954
2 956
2 960
3 7
3 8
3 9
3 10
3 15
3 17
3 19
3 22
3 24
3 26
3 40
3 43
3 58
3 64
3 67
3 78
3 91
3 95
3 112
3 129
3 139
3 145
3 152
3 155
3 163
3 173
3 227
3 229
3 294
3 295
3 321
3 332
3 351
3 378
3 392
3 448
3 468
3 487
3 603
3 616
3 717
3 718
3 787
3 810
3 891
3 899
3 959
3 978
4 7
4 9
4 12
4 13
4 14
4 16
4 20
4 34
4 36
4 43
4 47
4 51
4 61
4 62
4 63
4 72
4 81
4 91
4 92
4 97
4 102
4 103
4 112
4 119
4 126
4 129
4 134
4 135
4 148
4 155
4 158
4 161
4 165
4 191
4 193
4 200
4 202
4 250
4 263
4 303
4 308
4 355
4 361
4 442
4 448
4 457
4 469
4 487
4 589
4 590
4 608
4 645
4 660
4 663
4 709
4 731
4 826
4 880
4 888
4 966
4 979
5 7
5 8
5 9
5 11
5 25
5 26
5 31
5 34
5 39
5 44
5 47
5 52
5 53
5 54
5 56
5 57
5 77
5 84
5 100
5 104
5 114
5 115
5 119
5 124
5 132
5 139
5 149
5 152
5 156
5 157
5 162
5 174
5 189
5 206
5 210
5 217
5 220
5 228
5 239
5 249
5 254
5 261
5 313
5 322
5 345
5 350
5 371
5 374
5 375
5 387
5 390
5 394
5 397
5 409
5 415
5 422
5 428
5 431
5 472
5 477
5 481
5 518
5 522
5 528
5 532
5 536
5 538
5 547
5 572
5 621
5 673
5 680
5 729
5 733
5 737
5 740
5 748
5 757
5 767
5 769
5 770
5 784
5 792
5 815
5 816
5 864
5 902
5 940
5 983
5 991
6 12
6 13
6 20
6 30
6 36
6 37
6 39
6 44
6 45
6 47
6 49
6 61
6 65
6 68
6 71
6 82
6 100
6 110
6 129
6 159
6 213
6 229
6 267
6 268
6 281
6 285
6 290
6 303
6 310
6 315
6 317
6 323
6 360
6 404
6 413
6 418
6 423
6 458
6 464
6 491
6 577
6 590
6 665
6 689
6 799
6 805
6 826
6 866
6 894
6 912
6 922
6 954
7 8
7 9
7 10
7 11
7 12
7 13
7 14
7 15
7 16
7 17
7 19
7 21
7 24
7 32
7 39
7 40
7 51
7 53
7 54
7 59
7 65
7 70
7 77
7 84
7 88
7 92
7 93
7 101
7 114
7 120
7 123
7 128
7 130
7 133
7 153
7 158
7 159
7 175
7 180
7 189
7 197
7 198
7 211
7 218
7 219
7 224
7 225
7 237
7 244
7 249
7 252
7 260
7 262
7 263
7 315
7 352
7 360
7 363
7 367
7 372
7 380
7 389
7 409
7 445
7 450
7 455
7 466
7 474
7 509
7 512
7 524
7 531
7 541
7 543
7 556
7 558
7 569
7 579
7 581
7 609
7 610
7 614
7 648
7 670
7 705
7 706
7 764
7 811
7 817
7 822
7 860
7 866
7 876
7 879
7 888
7 915
7 928
7 936
7 952
7 954
8 9
8 10
8 11
8 13
8 16
8 17
8 20
8 21
8 23
8 29
8 31
8 32
8 34
8 35
8 37
8 45
8 46
8 55
8 57
8 60
8 62
8 64
8 67
8 70
8 74
8 78
8 83
8 90
8 92
8 93
8 99
8 101
8 103
8 112
8 118
8 120
8 127
8 134
8 157
8 173
8 179
8 199
8 214
8 218
8 234
8 253
8 259
8 297
8 301
8 311
8 361
8 368
8 373
8 415
8 428
8 450
8 451
8 500
8 503
8 510
8 516
8 523
8 554
8 564
8 569
8 576
8 605
8 618
8 636
8 637
8 643
8 647
8 649
8 684
8 723
8 745
8 762
8 772
8 814
8 829
8 831
8 875
8 905
8 920
8 941
8 962
8 976
9 10
9 11
9 12
9 15
9 16
9 28
9 29
9 31
9 35
9 37
9 41
9 52
9 66
9 106
9 115
9 134
9 172
9 180
9 187
9 188
9 201
9 209
9 214
9 216
9 238
9 261
9 266
9 279
9 301
9 350
9 389
9 402
9 408
9 418
9 427
9 430
9 450
9 460
9 463
9 473
9 520
9 527
9 575
9 596
9 614
9 615
9 654
9 676
9 718
9 743
9 744
9 766
9 808
9 921
9 969
9 980
10 14
10 17
10 19
10 24
10 32
10 38
10 40
10 42
10 46
10 68
10 69
10 91
10 163
10 173
10 185
10 189
10 232
10 238
10 249
10 258
10 296
10 322
10 336
10 340
10 353
10 526
10 534
10 546
10 571
10 632
10 673
10 781
10 809
10 906
10 989
11 14
11 19
11 23
11 24
11 27
11 30
11 44
11 52
11 57
11 60
11 72
11 86
11 89
11 139
11 166
11 184
11 191
11 245
11 265
11 269
11 299
11 305
11 312
11 325
11 331
11 342
11 349
11 352
11 376
11 395
11 400
11 438
11 484
11 487
11 512
11 520
11 531
11 559
11 606
11 608
11 620
11 686
11 741
11 752
11 773
11 858
11 865
11 935
11 945
11 981
12 14
12 18
12 19
12 20
12 21
12 23
12 25
12 35
12 37
12 41
12 45
12 56
12 66
12 77
12 88
12 90
12 94
12 97
12 104
12 106
12 109
12 121
12 122
12 125
12 128
12 174
12 185
12 203
12 232
12 268
12 274
12 282
12 289
12 305
12 324
12 330
12 343
12 450
12 480
12 526
12 536
12 582
12 584
12 614
12 635
12 640
12 645
12 658
12 663
12 689
12 708
12 710
12 753
12 778
12 785
12 793
12 819
12 844
12 845
12 857
12 914
12 959
12 998
13 14
13 15
13 16
13 17
13 18
13 20
13 21
13 25
13 28
13 30
13 35
13 41
13 46
13 55
13 70
13 74
13 78
13 82
13 85
13 95
13 101
13 116
13 117
13 121
13 127
13 133
13 141
13 148
13 152
13 177
13 178
13 194
13 215
13 220
13 221
13 241
13 245
13 327
13 333
13 353
13 355
13 439
13 476
13 477
13 508
13 537
13 574
13 608
13 612
13 619
13 652
13 695
13 698
13 701
13 702
13 713
13 718
13 738
13 743
13 752
13 817
13 819
13 820
13 850
13 865
13 883
13 889
13 906
13 933
13 988
13 994
14 15
14 18
14 21
14 23
14 27
14 28
14 32
14 35
14 38
14 48
14 50
14 54
14 60
14 68
14 70
14 71
14 75
14 86
14 88
14 105
14 106
14 113
14 115
14 130
14 142
14 143
14 148
14 152
14 178
14 181
14 184
14 186
14 191
14 193
14 197
14 211
14 219
14 222
14 244
14 247
14 248
14 267
14 287
14 292
14 299
14 310
14 312
14 320
14 334
14 353
14 358
14 367
14 384
14 457
14 480
14 490
14 492
14 509
14 512
14 515
14 528
14 544
14 584
14 586
14 621
14 639
14 643
14 657
14 678
14 681
14 717
14 739
14 742
14 753
14 795
14 797
14 798
14 821
14 847
14 864
14 872
14 967
14 974
15 16
15 19
15 29
15 48
15 49
15 54
15 78
15 98
15 160
15 168
15 213
15 255
15 306
15 386
15 399
15 407
15 476
15 497
15 517
15 722
15 810
15 824
15 899
15 926
15 953
15 973
15 986
15 995
16 17
16 22
16 25
16 30
16 33
16 34
16 38
16 59
16 60
16 89
16 95
16 109
16 117
16 119
16 124
16 128
16 186
16 190
16 200
16 206
16 208
16 254
16 276
16 283
16 295
16 299
16 377
16 392
16 393
16 471
16 473
16 475
16 503
16 580
16 583
16 756
16 779
16 811
16 854
16 871
16 880
16 924
16 926
16 957
17 18
17 21
17 23
17 24
17 37
17 49
17 56
17 58
17 64
17 66
17 81
17 93
17 94
17 107
17 114
17 118
17 144
17 162
17 163
17 164
17 176
17 182
17 187
17 208
17 215
17 226
17 283
17 294
17 357
17 367
17 368
17 414
17 425
17 426
17 449
17 563
17 583
17 631
17 661
17 823
17 842
17 856
17 884
17 901
17 912
17 923
17 941
17 950
17 959
17 969
17 987
18 22
18 31
18 43
18 62
18 80
18 125
18 130
18 136
18 143
18 184
18 195
18 200
18 207
18 212
18 220
18 227
18 250
18 251
18 329
18 365
18 368
18 379
18 380
18 396
18 454
18 458
18 459
18 460
18 530
18 536
18 553
18 630
18 644
18 664
18 758
18 777
18 785
18 807
18 823
18 826
18 846
18 878
18 905
18 930
18 996
19 27
19 28
19 58
19 60
19 62
19 63
19 65
19 75
19 100
19 121
19 131
19 150
19 171
19 175
19 184
19 187
19 207
19 227
19 229
19 231
19 236
19 246
19 262
19 265
19 276
19 282
19 283
19 318
19 366
19 409
19 424
19 446
19 488
19 552
19 558
19 564
19 570
19 609
19 671
19 675
19 832
19 835
20 22
20 23
20 26
20 29
20 33
20 36
20 39
20 48
20 51
20 67
20 68
20 76
20 93
20 97
20 103
20 111
20 127
20 155
20 183
20 190
20 217
20 225
20 248
20 255
20 256
20 273
20 284
20 305
20 329
20 383
20 397
20 406
20 417
20 429
20 432
20 463
20 466
20 471
20 480
20 527
20 551
20 570
20 578
20 600
20 636
20 643
20 661
20 669
20 704
20 726
20 751
20 781
20 835
20 838
20 849
20 854
20 862
20 919
20 928
20 934
21 31
21 42
21 43
21 63
21 84
21 111
21 117
21 132
21 140
21 149
21 165
21 166
21 188
21 195
21 230
21 337
21 452
21 525
21 572
21 655
21 701
21 733
21 795
21 848
21 865
21 995
22 24
22 26
22 29
22 33
22 42
22 56
22 76
22 85
22 102
22 104
22 107
22 113
22 146
22 161
22 187
22 263
22 272
22 306
22 308
22 323
22 346
22 496
22 593
22 657
22 695
22 726
22 785
22 840
22 936
23 28
23 35
23 38
23 43
23 49
23 65
23 67
23 79
23 80
23 81
23 95
23 123
23 129
23 140
23 142
23 147
23 165
23 222
23 273
23 284
23 289
23 293
23 295
23 335
23 349
23 355
23 356
23 377
23 391
23 395
23 398
23 418
23 435
23 448
23 463
23 479
23 485
23 555
23 589
23 629
23 694
23 710
23 752
23 783
23 796
23 898
23 966
24 31
24 32
24 59
24 73
24 83
24 103
24 132
24 144
24 149
24 205
24 215
24 236
24 263
24 286
24 343
24 470
24 542
24 566
24 617
24 627
24 637
24 668
24 697
24 706
24 716
24 758
24 879
24 921
25 27
25 33
25 34
25 41
25 42
25 52
25 61
25 140
25 172
25 179
25 213
25 214
25 231
25 234
25 237
25 309
25 398
25 431
25 452
25 513
25 580
25 702
25 739
25 908
25 964
26 28
26 44
26 46
26 78
26 81
26 147
26 211
26 224
26 386
26 393
26 415
26 420
26 498
26 532
26 560
26 602
26 629
26 662
26 792
26 802
26 819
26 942
27 36
27 39
27 42
27 44
27 48
27 52
27 59
27 61
27 64
27 66
27 69
27 73
27 80
27 82
27 91
27 104
27 105
27 138
27 145
27 150
27 172
27 191
27 208
27 212
27 222
27 251
27 252
27 254
27 260
27 264
27 320
27 350
27 381
27 398
27 403
27 430
27 453
27 456
27 480
27 519
27 594
27 616
27 625
27 668
27 705
27 713
27 751
27 785
27 809
27 810
27 821
27 837
27 844
27 869
27 879
27 896
27 919
27 938
28 40
28 46
28 50
28 51
28 69
28 75
28 77
28 79
28 83
28 86
28 89
28 102
28 112
28 132
28 138
28 149
28 164
28 179
28 186
28 196
28 220
28 224
28 231
28 233
28 240
28 273
28 279
28 306
28 335
28 356
28 394
28 446
28 470
28 478
28 509
28 517
28 550
28 561
28 660
28 692
28 735
28 775
28 778
28 786
28 834
28 838
28 846
28 866
28 877
28 895
28 898
28 915
28 918
29 30
29 50
29 67
29 91
29 138
29 156
29 218
29 277
29 281
29 304
29 328
29 370
29 490
29 598
29 667
29 676
29 705
29 779
29 814
29 972
30 34
30 47
30 50
30 52
30 55
30 56
30 57
30 94
30 116
30 119
30 145
30 214
30 217
30 250
30 254
30 277
30 281
30 302
30 307
30 325
30 342
30 353
30 356
30 370
30 426
30 448
30 489
30 501
30 508
30 534
30 555
30 583
30 658
30 726
30 728
30 742
30 774
30 799
30 824
30 836
30 840
30 847
31 38
31 61
31 76
31 98
31 108
31 114
31 123
31 128
31 142
31 151
31 255
31 270
31 400
31 440
31 456
31 485
31 532
31 674
31 713
31 784
31 799
31 800
31 809
31 818
31 825
31 857
31 922
31 939
31 965
31 970
31 975
31 983
31 993
32 33
32 54
32 66
32 72
32 74
32 81
32 83
32 85
32 137
32 147
32 171
32 193
32 204
32 216
32 256
32 328
32 391
32 524
32 548
32 607
32 609
32 624
32 638
32 733
32 798
32 939
32 981
33 58
33 72
33 73
33 77
33 79
33 122
33 133
33 141
33 150
33 151
33 157
33 168
33 176
33 237
33 241
33 316
33 398
33 442
33 467
33 512
33 604
33 772
33 801
33 828
33 846
33 887
33 905
33 985
34 41
34 46
34 59
34 61
34 94
34 98
34 99
34 117
34 130
34 148
34 150
34 187
34 202
34 236
34 257
34 259
34 269
34 271
34 314
34 327
34 387
34 479
34 580
34 622
34 646
34 662
34 707
34 716
34 723
34 728
34 854
34 909
34 982
35 48
35 69
35 79
35 85
35 87
35 90
35 104
35 125
35 132
35 135
35 138
35 140
35 150
35 156
35 159
35 165
35 166
35 176
35 255
35 278
35 311
35 320
35 352
35 367
35 403
35 434
35 458
35 466
35 493
35 540
35 563
35 580
35 607
35 611
35 612
35 619
35 712
35 730
35 762
35 779
35 792
35 804
35 805
35 825
35 836
35 839
35 841
35 846
35 857
35 898
35 901
36 43
36 51
36 58
36 87
36 103
36 115
36 191
36 202
36 206
36 234
36 243
36 280
36 282
36 383
36 408
36 410
36 425
36 524
36 530
36 709
36 730
36 750
36 763
37 38
37 39
37 40
37 55
37 57
37 62
37 68
37 75
37 87
37 102
37 110
37 158
37 164
37 167
37 180
37 199
37 205
37 209
37 218
37 225
37 241
37 248
37 280
37 292
37 302
37 577
37 594
37 600
37 665
37 677
37 689
37 697
37 704
37 768
37 798
37 813
37 814
37 818
37 932
38 75
38 101
38 106
38 178
38 185
38 186
38 198
38 230
38 266
38 279
38 295
38 347
38 385
38 407
38 416
38 444
38 464
38 469
38 517
38 658
38 931
39 45
39 47
39 55
39 95
39 106
39 108
39 113
39 131
39 135
39 152
39 196
39 232
39 250
39 285
39 291
39 303
39 326
39 376
39 529
39 576
39 620
39 706
39 714
39 760
39 770
39 773
39 801
39 827
39 852
39 967
39 986
40 62
40 108
40 116
40 133
40 150
40 162
40 173
40 192
40 211
40 219
40 304
40 311
40 317
40 319
40 336
40 339
40 387
40 391
40 396
40 590
40 664
40 688
40 755
40 850
40 892
40 904
40 967
40 973
40 986
41 42
41 44
41 47
41 94
41 99
41 101
41 110
41 127
41 139
41 183
41 188
41 256
41 261
41 301
41 344
41 390
41 404
41 406
41 419
41 423
41 463
41 468
41 472
41 484
41 504
41 517
41 590
41 641
41 683
42 71
42 76
42 109
42 111
42 126
42 128
42 130
42 135
42 144
42 145
42 157
42 271
42 275
42 290
42 293
42 298
42 307
42 334
42 336
42 351
42 354
42 380
42 407
42 409
42 418
42 456
42 458
42 518
42 526
42 568
42 577
42 595
42 642
42 672
42 703
42 704
42 728
42 884
42 913
42 935
42 953
42 965
42 976
42 982
42 984
43 45
43 100
43 118
43 250
43 416
43 424
43 429
43 440
43 604
43 688
43 703
43 717
43 787
43 953
43 966
43 970
44 65
44 68
44 99
44 124
44 162
44 177
44 179
44 194
44 207
44 326
44 333
44 410
44 444
44 461
44 462
44 562
44 650
44 651
44 653
44 716
44 721
44 774
44 778
44 807
44 838
45 49
45 53
45 55
45 56
45 121
45 141
45 169
45 170
45 192
45 196
45 197
45 212
45 227
45 231
45 252
45 253
45 302
45 382
45 402
45 408
45 428
45 440
45 442
45 456
45 458
45 481
45 499
45 535
45 549
45 550
45 621
45 631
45 644
45 655
45 676
45 744
45 754
45 796
45 813
45 821
45 849
45 873
45 876
45 878
45 890
45 924
45 937
45 961
45 989
46 73
46 107
46 129
46 134
46 166
46 177
46 202
46 208
46 224
46 248
46 300
46 305
46 327
46 376
46 390
46 477
46 703
46 711
46 760
46 807
46 845
46 884
46 930
47 64
47 65
47 88
47 102
47 108
47 111
47 169
47 189
47 195
47 198
47 220
47 238
47 256
47 257
47 310
47 314
47 365
47 432
47 440
47 505
47 545
47 563
47 632
47 633
47 685
47 813
47 913
47 927
47 969
48 54
48 58
48 70
48 72
48 80
48 96
48 105
48 125
48 149
48 179
48 181
48 233
48 236
48 269
48 278
48 308
48 338
48 343
48 414
48 516
48 519
48 533
48 588
48 640
48 641
48 662
48 673
48 690
48 731
48 756
48 882
48 922
48 960
49 50
49 53
49 134
49 147
49 158
49 168
49 176
49 188
49 204
49 207
49 218
49 250
49 319
49 341
49 359
49 366
49 384
49 497
49 639
49 640
49 642
49 644
49 660
49 663
49 700
49 809
49 810
49 837
49 898
49 957
49 978
50 104
50 263
50 320
50 689
50 976
50 997
51 63
51 82
51 123
51 183
51 192
51 211
51 229
51 270
51 322
51 354
51 370
51 374
51 449
51 488
51 518
51 545
51 615
51 641
51 707
51 845
51 934
51 958
52 64
52 73
52 89
52 98
52 105
52 162
52 205
52 248
52 288
52 291
52 602
52 606
52 762
52 787
52 831
53 59
53 67
53 74
53 90
53 93
53 98
53 108
53 181
53 208
53 260
53 267
53 279
53 284
53 312
53 346
53 413
53 462
53 470
53 501
53 507
53 555
53 678
53 709
53 721
53 877
53 889
53 997
54 60
54 77
54 81
54 107
54 135
54 136
54 137
54 142
54 151
54 154
54 157
54 161
54 185
54 227
54 253
54 275
54 276
54 296
54 329
54 426
54 454
54 474
54 491
54 529
54 579
54 674
54 680
54 756
54 817
54 883
54 978
54 999
55 75
55 98
55 144
55 213
55 239
55 241
55 274
55 294
55 318
55 358
55 363
55 469
55 548
55 557
55 591
55 598
55 655
55 691
55 760
55 781
55 830
55 912
56 66
56 70
56 79
56 115
56 118
56 170
56 183
56 189
56 190
56 195
56 202
56 226
56 264
56 269
56 278
56 280
56 297
56 312
56 332
56 362
56 370
56 379
56 381
56 398
56 406
56 508
56 528
56 546
56 601
56 622
56 700
56 762
56 767
56 884
56 893
56 946
56 991
57 74
57 90
57 91
57 120
57 220
57 232
57 238
57 240
57 292
57 295
57 605
57 655
57 764
57 777
57 829
58 85
58 88
58 122
58 125
58 132
58 139
58 190
58 236
58 239
58 280
58 306
58 331
58 345
58 650
58 781
59 69
59 80
59 92
59 151
59 154
59 222
59 223
59 243
59 247
59 284
59 303
59 317
59 348
59 455
59 482
59 489
59 533
59 553
59 578
59 593
59 646
59 651
59 663
59 682
59 687
59 750
59 788
59 890
59 912
59 984
60 79
60 95
60 100
60 153
60 154
60 209
60 272
60 314
60 476
60 525
60 552
60 606
60 687
60 721
60 790
60 816
60 891
60 942
61 63
61 72
61 84
61 96
61 97
61 113
61 118
61 124
61 136
61 138
61 148
61 171
61 178
61 180
61 186
61 201
61 223
61 225
61 235
61 311
61 344
61 401
61 402
61 413
61 451
61 455
61 462
61 485
61 492
61 507
61 515
61 522
61 554
61 597
61 607
61 612
61 632
61 656
61 691
61 736
61 738
61 743
61 750
61 758
61 783
61 810
61 848
61 849
61 929
61 939
61 966
62 84
62 108
62 156
62 157
62 175
62 203
62 245
62 551
62 579
62 593
62 642
62 688
62 703
62 721
62 754
62 774
62 800
62 861
62 869
62 947
62 996
63 73
63 82
63 109
63 171
63 197
63 310
63 358
63 367
63 405
63 453
63 513
63 827
63 836
63 918
64 83
64 167
64 217
64 352
64 363
64 375
64 520
64 621
64 748
64 811
64 878
65 71
65 85
65 90
65 135
65 248
65 342
65 435
65 565
65 569
65 621
65 633
65 771
65 826
66 96
66 160
66 180
66 271
66 717
66 813
66 898
66 913
66 969
66 977
67 96
67 109
67 120
67 122
67 126
67 243
67 294
67 328
67 346
67 378
67 614
67 667
67 720
67 921
68 155
68 242
68 262
68 329
68 390
68 600
68 796
69 87
69 136
69 143
69 201
69 203
69 303
69 316
69 333
69 376
69 382
69 633
69 700
69 708
69 898
70 71
70 178
70 249
70 259
70 316
70 366
70 453
70 567
70 782
70 919
70 948
70 978
71 83
71 106
71 160
71 179
71 181
71 193
71 199
71 210
71 221
71 280
71 313
71 321
71 396
71 420
71 478
71 490
71 572
71 615
71 679
71 706
71 765
71 770
71 775
71 805
71 828
71 871
71 881
71 885
72 94
72 120
72 151
72 228
72 242
72 246
72 307
72 405
72 445
72 555
72 561
72 574
72 655
72 686
72 703
72 806
72 821
72 974
73 97
73 253
73 271
73 395
73 424
73 460
73 471
73 599
73 669
73 850
73 944
73 956
73 987
74 80
74 130
74 174
74 202
74 274
74 279
74 283
74 358
74 375
74 465
74 475
74 505
74 557
74 566
74 575
74 709
74 714
74 766
74 829
74 844
74 950
74 953
75 114
75 171
75 242
75 267
75 330
75 403
75 606
75 711
75 907
75 916
76 82
76 87
76 92
76 117
76 243
76 264
76 403
76 435
76 439
76 484
76 516
76 648
76 650
76 681
76 854
77 86
77 93
77 99
77 143
77 164
77 182
77 235
77 271
77 275
77 430
77 486
77 625
77 776
77 791
77 833
77 851
77 910
77 956
78 107
78 275
78 288
78 528
78 620
78 806
78 833
78 921
79 86
79 116
79 214
79 217
79 294
79 341
79 367
79 386
79 421
79 481
79 577
79 590
79 757
79 797
79 940
80 175
80 200
80 321
80 482
80 506
80 567
80 765
80 819
80 864
81 111
81 164
81 172
81 251
81 424
81 456
81 584
81 592
81 679
81 710
81 715
81 815
81 961
82 139
82 167
82 196
82 241
82 300
82 360
82 365
82 373
82 414
82 440
82 528
82 544
82 566
82 569
82 601
82 684
82 702
82 728
82 774
82 791
82 834
82 933
82 944
83 96
83 413
83 429
83 540
84 163
84 182
84 271
84 396
84 828
84 936
85 87
85 96
85 119
85 210
85 307
85 326
85 348
85 353
85 681
85 706
85 729
85 751
85 800
85 860
86 89
86 131
86 227
86 275
86 337
86 370
86 417
86 599
86 693
86 902
86 928
87 97
87 105
87 123
87 134
87 143
87 184
87 194
87 264
87 289
87 298
87 321
87 373
87 508
87 634
87 820
87 895
87 958
88 102
88 128
88 142
88 153
88 167
88 181
88 216
88 285
88 331
88 351
88 372
88 381
88 434
88 442
88 447
88 489
88 506
88 704
88 712
88 894
88 978
89 141
89 163
89 236
89 303
89 401
89 406
89 544
89 570
89 624
90 99
90 110
90 140
90 145
90 154
90 235
90 237
90 240
90 324
90 347
90 356
90 357
90 358
90 377
90 387
90 477
90 513
90 545
90 624
90 646
90 674
90 748
90 816
90 862
90 907
90 977
91 92
91 123
91 183
91 230
91 387
91 408
91 475
91 487
91 488
91 573
91 585
91 725
91 906
91 974
92 111
92 133
92 161
92 169
92 174
92 198
92 201
92 233
92 265
92 276
92 287
92 324
92 351
92 362
92 389
92 461
92 497
92 505
92 644
92 652
92 724
92 824
92 874
92 905
92 930
92 974
92 992
92 996
93 161
93 166
93 173
93 191
93 296
93 330
93 601
93 623
93 640
93 969
94 112
94 119
94 141
94 146
94 258
94 272
94 292
94 377
94 556
94 614
94 725
94 766
94 780
94 838
94 949
95 170
95 183
95 206
95 221
95 224
95 238
95 268
95 282
95 290
95 302
95 340
95 385
95 390
95 395
95 645
95 865
95 903
95 914
96 153
96 162
96 171
96 198
96 218
96 234
96 235
96 364
96 369
96 379
96 380
96 467
96 566
96 604
96 620
96 630
96 638
96 680
96 718
96 791
96 795
96 870
96 873
97 107
97 124
97 143
97 146
97 174
97 184
97 208
97 211
97 225
97 267
97 300
97 304
97 356
97 579
97 580
97 585
97 685
97 724
97 808
97 829
97 948
98 103
98 115
98 186
98 206
98 256
98 309
98 313
98 315
98 369
98 390
98 405
98 411
98 454
98 476
98 574
98 623
98 659
98 674
98 804
99 302
99 492
99 600
99 896
99 963
100 110
100 127
100 156
100 167
100 176
100 206
100 224
100 329
100 339
100 387
100 464
100 972
101 125
101 285
101 289
101 341
101 348
101 397
101 399
101 507
101 608
102 109
102 223
102 293
102 306
102 339
102 368
102 416
102 424
102 462
102 477
102 500
102 509
102 539
102 557
102 611
102 652
102 705
102 790
102 803
102 842
102 896
102 897
102 969
102 990
103 114
103 146
103 174
103 177
103 210
103 329
103 333
103 372
103 447
103 453
103 457
103 603
103 619
103 678
103 794
103 822
103 834
104 112
104 137
104 182
104 188
104 228
104 258
104 266
104 298
104 299
104 312
104 352
104 443
104 518
104 541
104 556
104 557
104 628
104 667
104 759
104 874
104 967
105 177
105 199
105 244
105 296
105 441
105 710
105 780
105 783
105 975
106 159
106 160
106 169
106 200
106 532
106 722
106 723
106 788
106 793
107 116
107 164
107 203
107 226
107 287
107 318
107 322
107 425
107 451
107 464
107 505
107 540
107 650
107 672
107 738
107 761
107 825
107 836
107 863
107 867
108 194
108 320
108 334
108 421
108 513
108 535
108 675
108 861
109 116
109 121
109 166
109 170
109 366
109 493
109 518
109 539
109 722
109 740
109 823
110 137
110 178
110 215
110 222
110 276
110 296
110 328
110 354
110 415
110 522
110 593
110 600
110 628
110 665
110 669
110 671
110 673
110 824
110 887
110 980
111 230
111 344
111 460
111 493
111 533
111 541
111 576
111 715
111 835
111 856
112 122
112 126
112 225
112 332
112 521
112 549
112 571
112 607
112 716
112 731
112 826
113 154
113 155
113 216
113 587
113 736
113 906
114 153
114 182
114 219
114 437
114 563
114 576
114 592
114 746
114 752
114 995
115 140
115 161
115 209
115 247
115 251
115 328
115 392
115 421
115 544
116 126
116 239
116 437
116 660
116 870
116 892
116 975
117 131
117 136
117 159
117 163
117 268
117 347
117 423
117 483
117 831
117 943
118 165
118 201
118 359
118 452
118 514
118 604
118 674
119 120
119 148
119 168
119 188
119 193
119 215
119 217
119 231
119 254
119 323
119 414
119 497
119 541
119 702
119 714
119 754
119 775
119 862
119 867
120 146
120 152
120 242
120 293
120 359
120 362
120 396
120 412
120 449
120 467
120 472
120 774
120 865
120 895
120 941
121 176
121 181
121 182
121 210
121 418
121 434
121 548
121 821
121 914
122 131
122 158
122 246
122 337
122 359
122 394
122 436
122 445
122 487
122 527
122 589
122 811
122 816
122 964
123 175
123 283
123 289
123 327
123 355
123 410
123 489
123 623
123 646
123 815
123 828
124 187
124 340
124 422
124 436
124 523
124 749
124 957
125 126
125 133
125 153
125 172
125 228
125 249
125 331
125 338
125 392
125 449
125 473
125 489
125 536
125 580
125 587
125 712
125 747
125 755
125 760
125 832
125 867
125 901
125 927
125 945
126 138
126 144
126 354
126 394
126 547
126 790
126 805
126 867
127 160
127 201
127 234
127 283
127 319
127 476
127 648
128 136
128 137
128 145
128 197
128 252
128 308
128 392
128 571
128 579
128 603
128 716
128 794
128 843
128 929
128 951
128 984
129 262
129 530
129 617
130 131
130 155
130 189
130 195
130 245
130 291
130 297
130 361
130 365
130 398
130 399
130 429
130 442
130 539
130 562
130 567
130 608
130 609
130 616
130 779
130 795
131 142
131 175
131 185
131 204
131 395
131 472
131 494
131 517
131 578
131 613
131 737
131 945
132 273
132 274
132 337
132 378
132 383
132 409
132 412
132 450
132 515
132 588
132 622
132 626
132 662
132 677
132 752
132 856
132 964
132 971
133 226
133 229
133 240
133 281
133 291
133 666
133 723
133 818
133 849
133 888
133 892
134 147
134 223
134 226
134 321
134 340
134 402
134 486
134 502
134 550
134 568
134 591
134 775
134 786
134 805
135 180
135 216
135 233
135 381
135 438
135 552
135 583
135 744
135 825
135 832
135 840
135 853
135 934
136 212
136 216
136 285
136 299
136 379
136 433
136 470
136 540
136 648
136 732
136 741
136 879
137 205
137 383
137 784
137 882
138 154
138 471
138 505
138 627
138 699
138 729
138 934
139 158
139 222
139 230
139 244
139 335
139 413
139 589
139 717
139 724
139 735
139 798
139 802
140 177
140 254
140 288
140 328
140 342
140 364
140 404
140 410
140 436
140 559
140 568
140 573
140 577
140 725
140 771
140 776
140 845
140 955
141 144
141 146
141 240
141 260
141 336
141 361
141 369
141 415
141 483
141 547
141 598
141 756
141 761
141 878
141 913
141 942
141 955
142 232
142 284
142 653
142 690
142 764
142 778
142 834
143 197
143 251
143 309
143 538
144 253
144 345
144 441
144 509
144 599
144 664
144 759
144 913
145 156
145 259
145 276
145 317
145 381
145 427
145 444
145 486
145 536
145 642
145 647
145 683
145 684
145 712
145 714
145 732
145 897
145 899
145 917
146 160
146 193
146 255
146 263
146 268
146 273
146 407
146 510
146 538
146 581
146 719
146 887
146 903
146 956
146 966
146 984
147 258
147 311
147 346
147 372
147 386
147 427
147 477
147 488
147 524
147 530
147 558
147 561
147 565
147 570
147 584
147 752
147 890
147 964
148 652
148 655
148 658
148 792
148 797
149 324
149 347
149 575
149 611
149 668
149 777
149 919
150 334
150 383
150 499
150 932
151 203
151 290
151 326
151 479
151 531
151 596
151 626
151 829
151 835
151 852
152 214
152 269
152 288
152 319
152 551
152 647
152 677
152 999
153 537
153 622
153 826
154 213
154 242
154 302
154 486
154 502
154 610
154 616
155 219
155 286
155 290
155 318
155 325
155 344
155 473
155 586
155 694
155 923
155 937
156 204
156 238
156 479
157 170
157 375
157 467
157 506
157 541
157 645
158 274
158 301
158 355
158 669
158 727
158 771
158 789
158 875
158 910
159 340
159 358
159 407
160 256
160 438
160 521
160 854
161 169
161 221
161 430
161 759
162 168
162 192
162 324
162 339
162 433
162 521
162 688
162 746
162 759
162 844
162 909
163 204
163 486
163 853
163 957
164 170
164 205
164 230
164 434
164 694
164 731
164 806
164 822
164 851
165 167
165 168
165 172
165 195
165 221
165 316
165 502
165 510
165 511
165 520
165 596
165 771
165 865
165 998
166 365
166 473
166 820
166 830
166 908
167 313
167 373
167 504
167 594
167 730
167 736
167 748
167 793
167 823
167 993
168 192
168 247
168 269
168 316
168 779
168 922
169 247
169 258
169 449
169 638
169 697
169 935
169 951
170 436
170 461
170 523
170 529
170 579
170 717
170 883
171 305
171 325
171 372
171 550
171 607
171 742
171 809
171 886
172 229
172 233
172 246
172 272
172 330
172 401
172 466
172 560
172 780
172 804
172 903
172 931
173 252
173 316
173 365
173 499
173 547
174 194
174 212
174 374
174 628
174 735
175 190
175 203
175 281
175 433
175 493
175 516
175 648
175 676
175 746
176 237
176 466
176 736
176 861
177 196
177 345
177 441
177 445
177 454
177 486
177 669
178 282
178 402
178 609
178 671
178 699
178 785
179 265
179 304
179 309
179 314
179 491
179 508
179 514
179 629
179 643
179 741
179 884
179 893
179 899
179 938
180 481
180 512
180 529
180 596
180 719
180 788
180 878
180 939
181 277
181 310
181 339
181 354
181 417
181 510
181 543
181 549
181 587
181 675
181 684
181 785
182 307
182 317
182 446
182 448
182 468
182 479
182 964
183 192
183 199
183 228
183 332
183 384
183 454
183 483
183 490
183 532
183 568
183 642
183 669
183 720
183 731
183 741
183 839
183 880
183 925
183 965
183 988
184 200
184 209
184 210
184 221
184 253
184 294
184 311
184 323
184 337
184 381
184 384
184 408
184 446
184 535
184 548
184 565
184 585
184 618
184 649
185 223
185 239
185 468
185 519
185 613
185 726
185 789
185 853
185 938
185 955
186 198
186 207
186 234
186 297
186 304
186 330
186 335
186 412
186 604
186 667
186 760
187 235
187 315
187 523
187 654
187 790
188 264
188 280
188 322
188 437
188 451
188 469
188 599
188 610
188 687
188 715
188 885
189 242
189 638
189 678
189 762
189 772
189 882
189 920
190 261
190 292
190 464
190 763
191 246
191 249
191 383
191 412
191 495
191 501
191 653
191 711
192 246
192 284
192 343
192 451
192 588
192 628
192 695
192 863
192 894
192 947
193 286
193 314
193 382
193 533
193 850
194 240
194 737
194 973
195 199
195 243
195 346
195 374
195 423
195 465
195 529
195 552
195 559
195 630
195 633
195 871
195 916
196 204
196 433
196 452
196 494
196 605
196 728
196 753
196 870
197 205
197 239
197 401
197 534
197 542
197 634
197 635
197 824
197 837
197 926
198 416
198 478
198 530
198 531
198 550
198 648
198 796
198 904
199 519
199 656
199 808
199 963
200 257
200 273
200 298
200 464
201 219
201 296
201 593
201 665
201 721
201 807
201 970
202 245
202 725
202 778
203 231
203 270
203 319
203 494
203 595
203 612
203 688
203 710
203 886
203 894
204 257
204 260
204 261
204 285
204 290
204 299
204 304
204 351
204 404
204 450
204 495
204 509
204 543
204 602
204 613
204 691
204 700
204 840
204 859
204 889
204 929
204 940
204 973
204 999
205 501
205 510
205 620
205 637
205 733
205 789
205 839
206 257
206 288
206 320
206 361
206 435
206 475
206 488
206 539
206 680
206 750
206 802
206 924
206 960
206 979
207 357
207 795
208 213
208 257
208 411
208 496
208 582
208 637
208 847
208 876
208 986
209 215
209 288
209 350
209 419
209 621
209 732
210 335
210 347
210 514
210 738
210 773
210 783
210 885
211 255
211 266
211 281
211 439
211 872
212 379
212 534
212 590
212 615
212 761
212 891
212 971
212 980
213 245
213 319
213 360
213 393
213 448
213 545
213 587
213 599
213 782
213 886
213 980
214 394
214 537
214 582
214 583
214 868
214 925
214 992
215 241
215 305
215 368
215 443
215 543
215 636
216 260
216 286
216 659
217 226
217 385
217 485
217 636
217 957
218 297
218 362
218 389
218 549
218 568
218 733
218 843
219 397
220 259
220 278
220 300
220 362
220 425
220 563
220 595
220 780
220 781
220 787
220 843
221 460
221 727
221 897
223 298
223 417
223 438
223 581
223 747
223 812
223 929
224 400
224 731
224 743
225 308
225 337
225 363
225 394
225 411
225 491
225 562
225 596
225 819
225 820
225 827
225 985
226 287
226 675
227 388
227 617
227 701
227 828
228 282
228 443
228 647
228 869
229 243
229 289
229 301
229 374
229 420
229 499
229 586
229 601
229 641
229 891
229 936
230 235
230 344
230 388
230 443
230 549
230 558
230 581
230 591
230 594
230 613
230 670
230 682
230 794
230 900
230 981
230 995
231 301
231 370
231 392
231 643
231 682
231 889
231 935
232 338
232 349
232 572
232 705
232 756
232 827
232 914
233 293
233 338
233 483
233 494
233 510
233 559
233 832
233 888
234 270
234 342
234 422
234 465
234 598
234 707
234 869
234 877
234 909
235 324
235 346
235 364
235 389
235 490
235 640
235 712
235 787
236 372
236 722
237 309
237 323
237 343
237 413
237 471
237 496
237 513
237 630
237 670
237 714
237 846
237 962
238 277
238 315
238 350
238 357
238 455
238 456
238 585
238 635
238 742
238 873
238 914
239 286
239 399
239 454
239 479
239 780
239 864
240 352
240 382
240 386
240 496
240 507
241 357
241 599
241 662
241 671
241 689
241 839
241 841
241 920
241 985
242 375
242 542
242 927
243 262
243 286
243 691
244 275
244 278
244 360
244 516
244 522
244 534
244 538
244 825
244 860
245 251
245 261
245 334
245 336
245 529
245 548
245 654
245 746
245 776
245 860
245 891
245 996
246 300
246 404
246 541
246 575
246 584
246 665
246 767
246 804
246 857
247 277
247 279
247 331
247 432
247 466
247 814
247 855
248 259
248 268
248 366
248 462
248 618
248 664
248 700
248 884
248 900
249 368
249 427
249 507
249 623
249 816
249 827
249 872
249 939
249 946
250 341
250 635
250 686
250 719
250 986
251 491
251 520
251 637
251 778
251 990
252 322
252 385
252 539
252 562
252 574
252 745
253 544
253 554
253 768
253 869
253 964
254 264
254 278
254 327
254 412
254 499
254 608
254 632
254 658
254 788
254 803
254 813
254 830
254 883
254 972
255 258
255 306
255 348
255 374
255 400
255 419
255 472
255 508
255 556
255 703
255 706
255 727
255 745
255 757
255 868
255 968
257 309
257 511
257 535
257 539
257 925
258 766
258 797
259 265
259 270
259 389
259 519
259 603
259 618
259 639
259 739
259 769
259 802
259 858
259 880
259 917
260 287
260 478
260 483
260 524
260 619
261 420
261 474
261 551
261 597
261 691
261 715
262 315
262 336
262 343
262 359
262 634
262 734
262 816
262 941
263 604
264 482
264 573
264 627
264 812
265 308
265 312
265 376
265 567
265 575
265 700
266 272
266 291
266 406
266 480
266 601
266 714
266 743
266 942
267 354
267 396
267 445
267 777
268 855
269 485
269 553
269 675
269 754
269 782
269 815
270 313
270 535
270 624
270 639
270 647
271 277
271 331
271 349
271 410
271 425
271 598
271 911
271 936
271 950
271 973
272 287
272 307
272 378
272 400
272 459
272 597
272 630
272 649
272 740
272 804
272 956
272 977
273 403
273 445
273 895
274 452
274 687
274 897
275 335
275 345
275 391
275 566
275 582
275 729
275 887
276 349
276 355
276 363
276 472
277 325
277 333
277 430
277 447
277 449
278 360
278 371
278 610
278 938
279 363
279 697
279 773
279 789
279 852
279 988
280 369
280 426
280 595
280 650
280 856
281 317
281 364
281 385
281 393
281 458
281 603
281 696
281 784
281 875
281 934
281 989
282 313
282 326
282 625
282 638
282 820
282 933
282 941
283 298
283 341
283 414
283 560
283 578
283 595
283 606
283 609
283 711
283 733
283 858
284 326
284 375
284 439
284 692
284 911
285 293
285 348
285 382
285 515
285 911
286 321
286 382
286 437
286 993
287 386
287 444
287 612
287 666
287 668
287 670
287 777
287 901
288 431
288 937
289 405
289 597
289 682
289 803
290 966
290 984
291 334
291 345
291 536
292 432
293 318
293 429
293 592
293 740
293 744
293 863
294 564
294 646
294 772
294 983
295 412
295 422
295 497
295 503
295 581
295 658
295 763
296 484
296 492
296 512
296 591
296 773
296 868
297 423
297 677
297 909
297 975
297 986
298 341
298 436
298 447
298 462
298 495
298 592
298 765
298 862
298 908
298 947
299 769
300 474
300 478
300 625
301 359
301 391
301 459
301 471
301 649
301 725
301 803
301 878
302 348
302 441
302 682
303 498
303 616
303 720
304 369
304 437
304 635
304 673
304 674
304 702
304 734
304 870
304 983
305 332
305 364
305 391
305 428
305 468
305 572
305 578
305 784
305 979
306 432
306 463
306 709
306 770
306 848
306 860
306 994
307 465
307 631
307 856
307 908
308 443
308 446
308 511
308 676
308 753
308 795
309 564
309 624
309 707
309 768
309 852
310 506
311 411
311 417
311 436
311 626
311 793
311 855
311 892
312 736
312 765
313 420
313 653
313 657
313 916
313 954
313 991
314 446
314 511
314 644
314 789
314 953
314 962
314 990
315 402
315 696
316 332
316 340
316 347
316 403
316 496
316 642
316 684
316 704
316 988
317 330
317 411
317 453
317 552
317 782
317 837
318 418
318 421
318 683
319 407
319 551
319 771
319 970
320 357
321 338
321 533
321 552
321 866
321 933
321 972
322 369
322 480
322 707
322 719
322 915
323 426
323 561
323 582
323 611
323 857
324 393
324 571
324 749
324 859
324 918
325 327
325 434
325 441
325 461
325 525
325 540
325 613
325 623
325 650
325 737
325 807
325 968
325 977
325 993
326 342
326 385
326 388
326 397
326 405
326 425
326 586
326 659
326 842
326 943
326 998
327 339
327 373
327 465
327 695
328 428
328 495
328 545
328 574
328 591
328 628
328 690
329 444
329 526
329 543
329 600
329 740
329 790
329 876
330 616
331 419
331 595
331 945
332 562
332 719
332 943
333 558
333 651
333 723
333 897
334 543
335 414
335 519
335 791
335 991
336 380
336 532
336 603
336 680
336 747
336 925
337 424
337 558
338 435
338 495
338 503
338 755
338 812
339 434
339 469
339 520
339 859
340 371
340 845
341 378
341 379
341 452
341 461
341 537
341 625
341 751
341 764
341 949
341 951
342 701
343 408
343 802
343 931
343 960
344 378
344 521
344 535
344 683
344 962
345 423
345 522
346 349
346 371
346 439
346 724
346 772
346 922
346 945
347 518
347 538
347 766
347 875
348 522
348 815
349 476
349 481
349 892
350 540
350 585
350 602
350 848
350 859
350 928
351 530
352 546
352 769
353 431
353 605
353 617
353 710
353 716
353 840
353 874
354 362
354 428
354 437
354 517
354 662
354 960
354 977
355 513
355 553
355 587
355 747
355 925
356 515
356 564
356 943
357 364
357 373
357 421
357 439
357 537
357 630
357 691
357 695
357 841
357 946
358 487
359 578
359 980
360 401
361 419
361 447
361 672
362 380
362 451
362 459
364 523
365 415
365 515
365 739
366 388
366 399
366 492
366 644
366 657
366 867
367 961
368 760
368 851
368 875
368 963
369 371
369 606
369 698
369 972
370 553
371 388
371 751
371 853
371 892
372 416
372 573
372 728
373 409
373 433
373 463
373 741
373 900
373 907
375 951
376 441
377 444
377 679
377 858
377 927
377 931
378 871
379 399
379 583
379 633
379 817
379 952
379 992
380 484
380 493
381 395
381 400
381 406
381 708
381 727
381 776
381 813
382 429
382 602
382 629
382 689
382 775
382 907
383 438
383 502
383 560
384 416
384 496
384 557
384 574
384 585
384 872
384 993
385 422
385 504
385 735
385 808
386 482
386 645
387 663
387 664
387 696
387 800
387 993
389 393
389 628
389 765
390 467
390 615
390 744
390 757
390 765
390 842
390 902
391 499
391 586
391 693
391 869
392 397
392 410
392 677
392 721
393 417
393 420
393 482
393 657
393 893
394 405
394 504
394 542
394 666
394 836
394 928
395 799
395 937
398 411
398 427
398 527
399 490
399 550
399 708
399 786
399 868
399 917
400 641
401 792
402 419
402 457
402 679
402 771
402 961
403 426
403 852
404 430
404 459
404 643
404 722
404 797
404 811
404 932
405 507
405 546
405 900
406 453
406 947
407 443
407 560
407 564
407 688
407 818
407 879
408 525
408 755
408 803
409 619
409 839
410 915
411 546
411 605
411 631
411 651
411 748
412 803
412 833
412 895
413 525
413 818
414 679
414 720
414 724
414 758
414 794
414 968
415 431
415 465
415 504
415 938
416 455
416 547
416 711
416 745
417 569
418 651
419 469
419 667
420 422
420 620
420 766
420 852
420 890
421 474
421 572
421 594
421 690
421 887
422 647
422 750
423 431
423 442
423 699
423 772
424 633
424 645
424 740
424 761
424 768
424 843
425 523
425 732
425 753
425 833
425 870
425 968
426 516
426 528
426 996
427 498
427 664
428 438
428 460
428 473
428 485
428 524
428 573
428 653
428 910
429 500
429 885
430 461
431 597
431 930
431 932
431 961
432 474
432 484
433 694
433 782
433 882
434 537
434 814
435 610
435 802
436 570
436 868
436 961
437 948
438 746
438 827
439 467
439 492
439 498
439 500
439 607
439 913
440 526
440 569
441 554
441 726
441 745
441 906
442 629
442 681
442 847
444 504
444 588
444 923
444 989
445 505
445 545
445 596
445 617
445 687
445 783
445 886
445 917
445 958
446 634
446 673
446 914
446 983
447 678
448 457
448 623
449 570
449 671
449 815
449 832
450 500
450 659
450 713
451 475
451 494
451 514
451 698
452 649
452 696
452 932
453 481
453 503
453 820
453 895
453 944
454 730
454 750
455 573
455 639
455 847
455 851
456 527
456 615
457 497
457 571
457 626
457 840
459 475
459 478
459 501
459 514
459 567
459 817
460 602
460 685
460 701
460 786
460 871
460 948
461 725
461 877
462 483
462 681
462 861
462 920
463 666
463 982
464 553
464 627
464 793
465 926
465 953
466 693
466 822
467 470
467 502
467 567
467 632
467 762
468 502
468 506
468 544
468 617
469 500
469 773
469 808
470 554
472 482
472 639
472 809
473 719
474 542
474 656
474 698
474 910
475 493
475 561
475 589
475 625
475 684
476 506
476 770
476 789
476 794
477 657
477 666
477 697
477 759
480 511
480 521
480 801
480 806
480 808
480 903
480 952
481 924
482 489
482 525
484 675
484 734
484 749
484 858
485 593
486 559
486 591
486 666
486 861
488 555
488 560
488 812
489 685
491 618
492 549
492 610
492 804
493 632
493 959
494 699
494 791
495 735
496 542
496 929
496 949
497 498
498 577
498 988
499 556
499 692
499 791
499 883
499 901
500 503
500 563
501 551
502 799
503 565
504 788
504 821
504 994
505 618
505 963
506 521
506 527
506 546
506 588
506 638
506 764
506 768
506 849
506 925
506 990
506 994
507 561
507 571
507 592
507 594
507 946
508 531
508 557
508 565
508 635
508 933
509 880
509 924
510 732
510 788
511 547
511 565
511 661
511 692
511 941
512 770
512 831
513 631
513 667
513 749
514 944
514 998
516 531
516 814
517 734
517 786
518 886
520 985
521 649
521 822
522 533
522 862
523 677
524 682
524 806
524 863
524 968
524 999
525 707
525 806
526 582
526 626
526 798
528 611
528 881
528 988
529 576
529 761
531 581
531 654
532 991
534 554
534 597
535 997
536 729
536 899
536 931
536 958
537 769
538 661
538 715
538 829
538 965
539 738
540 963
541 627
541 694
541 887
541 909
541 982
542 665
542 881
542 982
543 555
544 589
545 962
546 874
547 739
548 756
548 798
549 683
549 712
549 751
550 614
550 918
551 835
551 904
551 935
553 622
554 619
555 678
555 726
556 568
556 818
557 944
558 749
558 842
558 940
560 692
560 927
560 985
561 637
562 971
563 902
564 631
564 651
564 659
564 730
564 916
564 942
566 746
568 624
568 967
568 979
569 598
570 601
570 741
570 796
571 611
571 696
571 747
572 965
573 783
573 890
573 918
573 931
573 937
573 979
575 905
577 586
578 672
578 959
579 690
579 856
580 693
581 812
581 904
581 950
582 613
583 718
583 883
584 672
584 699
584 781
584 855
586 693
587 723
588 784
589 894
591 713
592 947
593 767
594 745
594 872
595 896
596 634
596 652
596 676
596 792
597 668
597 787
597 843
598 769
598 812
599 732
600 636
600 767
602 823
602 970
603 671
603 679
604 626
606 653
606 702
606 863
606 896
606 902
606 909
607 984
608 934
608 958
609 736
609 844
610 634
610 908
611 629
611 656
611 683
611 871
611 997
614 763
614 841
614 880
614 903
615 693
615 738
615 861
615 893
615 920
616 698
616 713
617 851
617 885
617 905
618 686
618 868
618 903
619 660
620 801
622 627
622 718
622 838
623 636
623 779
624 727
625 641
626 656
626 685
626 956
626 990
627 845
628 690
628 978
631 873
632 646
632 790
632 888
633 715
633 720
633 860
633 918
634 685
634 994
638 652
638 661
638 694
638 949
638 971
639 654
639 724
639 757
640 768
640 819
641 661
641 695
644 659
644 701
644 708
644 776
644 896
645 759
645 832
646 943
647 833
647 855
647 924
649 825
650 696
650 908
651 660
651 758
652 817
653 686
654 867
654 949
655 722
656 747
656 794
656 987
657 680
657 697
658 668
658 767
659 946
662 734
662 872
662 947
662 960
662 982
663 670
663 834
665 704
665 975
668 952
669 954
669 979
670 858
670 929
671 876
671 991
676 763
677 687
677 705
677 786
678 906
679 681
679 744
679 842
679 843
682 907
682 912
683 838
684 879
685 686
686 774
686 839
687 699
687 833
687 844
687 927
688 734
688 755
688 793
689 874
689 922
690 735
690 889
691 907
692 698
692 737
692 753
692 807
695 729
696 708
696 737
697 848
697 951
698 900
698 904
698 952
699 866
701 989
702 720
704 754
705 727
705 810
706 882
706 923
707 758
707 904
708 912
708 932
711 777
711 962
713 822
713 935
714 850
715 955
716 841
719 893
719 945
720 948
720 998
722 901
722 948
723 851
723 910
723 975
724 743
725 834
726 939
726 952
727 854
728 911
728 987
731 831
731 836
732 823
732 828
732 850
733 763
733 881
734 764
734 873
735 919
738 987
739 958
740 780
740 848
741 971
742 847
742 897
743 985
744 797
746 748
746 974
746 989
747 919
747 940
748 749
751 831
751 870
752 957
752 992
756 970
759 864
760 799
761 782
763 940
765 917
765 933
766 893
772 801
772 811
772 959
774 800
774 801
778 853
778 882
779 920
780 915
782 992
783 885
787 800
787 864
787 998
788 805
790 830
792 955
793 938
797 824
799 915
801 902
802 963
803 890
803 923
803 968
804 830
806 857
806 923
811 862
811 891
812 974
814 926
818 965
818 976
819 992
822 859
822 980
824 830
825 910
827 837
828 875
832 837
834 835
834 886
835 928
835 999
836 877
836 894
836 926
841 899
842 881
847 881
849 853
852 866
852 921
855 863
855 930
859 996
863 888
872 944
874 976
882 942
895 917
896 995
898 972
899 900
899 981
899 995
902 983
907 949
907 973
907 997
910 916
911 990
921 997
924 943
925 994
927 981
928 976
929 971
934 999
938 987
944 946
964 967
965 977
978 981
