0 1
0 2
0 3
0 4
0 5
0 6
0 9
0 12
0 13
0 14
0 15
0 17
0 20
0 22
0 23
0 24
0 25
0 31
0 32
0 40
0 41
0 42
0 44
0 45
0 46
0 47
0 48
0 54
0 64
0 65
0 69
0 71
0 78
0 80
0 87
0 93
0 96
0 104
0 111
0 119
0 132
0 137
0 157
0 165
0 167
0 169
0 188
0 189
0 194
0 215
0 216
0 217
0 240
0 244
0 245
0 262
0 266
0 268
0 273
0 282
0 299
0 308
0 314
0 320
0 330
0 332
0 334
0 335
0 345
0 348
0 351
0 352
0 377
0 384
0 416
0 429
0 448
0 490
0 494
0 498
0 511
0 519
0 525
0 533
0 545
0 589
0 609
0 613
0 626
0 652
0 655
0 674
0 694
0 709
0 717
0 733
0 738
0 739
0 777
0 783
0 790
0 833
0 852
0 859
0 914
0 967
0 971
0 981
0 989
1 5
1 6
1 8
1 10
1 16
1 18
1 22
1 24
1 27
1 34
1 39
1 45
1 48
1 55
1 63
1 70
1 73
1 81
1 84
1 86
1 95
1 115
1 117
1 125
1 145
1 147
1 152
1 200
1 209
1 228
1 229
1 237
1 289
1 299
1 305
1 306
1 328
1 338
1 340
1 358
1 367
1 376
1 423
1 484
1 491
1 513
1 519
1 573
1 591
1 615
1 623
1 639
1 649
1 659
1 675
1 749
1 790
1 908
1 933
1 935
1 951
2 4
2 7
2 28
2 30
2 40
2 52
2 58
2 94
2 118
2 120
2 132
2 148
2 149
2 151
2 154
2 155
2 159
2 171
2 176
2 179
2 196
2 204
2 223
2 233
2 235
2 270
2 302
2 322
2 330
2 342
2 378
2 380
2 428
2 432
2 463
2 592
2 627
2 628
2 684
2 692
2 765
2 840
2 865
2 967
2 995
3 4
3 6
3 8
3 9
3 11
3 15
3 31
3 33
3 37
3 39
3 49
3 53
3 60
3 65
3 75
3 100
3 104
3 134
3 140
3 142
3 147
3 149
3 181
3 189
3 195
3 225
3 257
3 288
3 289
3 294
3 306
3 333
3 366
3 367
3 383
3 398
3 443
3 453
3 466
3 471
3 492
3 504
3 538
3 539
3 546
3 577
3 578
3 591
3 622
3 641
3 648
3 711
3 799
3 818
3 823
3 834
3 879
3 883
3 962
4 5
4 7
4 8
4 11
4 12
4 13
4 19
4 22
4 25
4 27
4 36
4 37
4 51
4 53
4 61
4 70
4 72
4 77
4 84
4 85
4 88
4 107
4 131
4 139
4 189
4 201
4 202
4 249
4 252
4 253
4 259
4 272
4 297
4 298
4 322
4 347
4 357
4 359
4 411
4 413
4 418
4 435
4 502
4 528
4 534
4 541
4 569
4 596
4 613
4 621
4 634
4 635
4 638
4 644
4 673
4 687
4 691
4 699
4 722
4 774
4 796
4 830
4 839
4 852
4 891
4 922
4 924
4 986
4 995
5 10
5 20
5 31
5 52
5 60
5 76
5 81
5 101
5 112
5 143
5 144
5 153
5 185
5 200
5 210
5 233
5 284
5 306
5 310
5 319
5 343
5 350
5 433
5 437
5 450
5 461
5 471
5 564
5 636
5 637
5 653
5 665
5 674
5 773
5 822
5 843
6 7
6 15
6 16
6 17
6 18
6 19
6 21
6 26
6 35
6 55
6 56
6 57
6 66
6 67
6 79
6 81
6 90
6 91
6 98
6 121
6 133
6 138
6 141
6 163
6 169
6 177
6 223
6 224
6 247
6 303
6 311
6 337
6 345
6 361
6 371
6 463
6 482
6 498
6 501
6 514
6 560
6 568
6 572
6 578
6 593
6 601
6 607
6 609
6 658
6 681
6 714
6 742
6 744
6 797
6 827
6 936
6 965
6 971
7 12
7 13
7 25
7 28
7 40
7 45
7 47
7 58
7 74
7 86
7 90
7 94
7 110
7 116
7 121
7 129
7 130
7 134
7 139
7 153
7 158
7 176
7 216
7 274
7 281
7 291
7 326
7 386
7 410
7 469
7 512
7 583
7 584
7 614
7 643
7 771
7 822
7 831
7 867
7 954
7 972
7 993
8 9
8 10
8 11
8 18
8 23
8 29
8 36
8 38
8 43
8 44
8 55
8 56
8 57
8 59
8 84
8 93
8 97
8 106
8 121
8 123
8 127
8 136
8 145
8 150
8 154
8 156
8 159
8 166
8 168
8 171
8 180
8 188
8 203
8 207
8 219
8 253
8 259
8 262
8 280
8 284
8 287
8 305
8 322
8 329
8 342
8 357
8 385
8 392
8 403
8 409
8 426
8 431
8 464
8 473
8 511
8 512
8 526
8 530
8 535
8 540
8 555
8 643
8 683
8 704
8 712
8 737
8 770
8 809
8 812
8 844
8 847
8 851
8 856
8 893
8 939
8 957
8 973
8 992
9 20
9 33
9 73
9 78
9 114
9 126
9 130
9 190
9 205
9 244
9 271
9 280
9 309
9 396
9 416
9 499
9 548
9 582
9 627
9 700
9 826
9 903
9 922
9 983
10 14
10 72
10 99
10 169
10 246
10 290
10 335
10 350
10 366
10 370
10 390
10 460
10 532
10 537
10 598
10 776
10 888
11 48
11 67
11 76
11 132
11 258
11 261
11 333
11 349
11 354
11 368
11 419
11 439
11 440
11 624
11 634
11 638
11 640
11 666
11 786
11 828
11 905
11 907
11 949
12 116
12 145
12 178
12 181
12 288
12 316
13 14
13 16
13 17
13 19
13 21
13 26
13 28
13 29
13 41
13 64
13 91
13 103
13 107
13 187
13 193
13 211
13 226
13 236
13 249
13 284
13 287
13 290
13 359
13 426
13 459
13 557
13 585
13 646
13 663
13 676
13 687
13 692
13 756
13 774
13 841
13 842
13 847
13 938
14 41
14 61
14 75
14 98
14 100
14 101
14 108
14 144
14 235
14 254
14 292
14 319
14 358
14 402
14 405
14 407
14 408
14 437
14 506
14 524
14 558
14 579
14 581
14 620
14 733
14 751
14 802
14 818
14 846
15 50
15 71
15 137
15 229
15 313
15 391
15 445
15 466
15 549
15 567
15 571
15 617
16 39
16 76
16 83
16 85
16 96
16 97
16 105
16 204
16 220
16 243
16 254
16 328
16 447
16 620
16 637
16 757
16 795
16 951
16 997
17 49
17 63
17 73
17 89
17 99
17 100
17 135
17 159
17 172
17 177
17 286
17 346
17 396
17 455
17 760
17 782
17 857
17 948
17 987
18 23
18 24
18 29
18 34
18 42
18 77
18 86
18 140
18 151
18 170
18 175
18 193
18 211
18 236
18 247
18 250
18 255
18 293
18 314
18 317
18 371
18 374
18 380
18 444
18 449
18 488
18 509
18 559
18 573
18 606
18 621
18 679
18 705
18 740
18 757
18 785
18 826
18 972
19 58
19 111
19 114
19 374
19 492
19 493
19 501
19 540
19 766
19 896
19 962
20 21
20 33
20 42
20 46
20 51
20 52
20 59
20 83
20 102
20 104
20 105
20 113
20 119
20 231
20 254
20 261
20 282
20 293
20 355
20 376
20 378
20 398
20 412
20 463
20 504
20 566
20 587
20 711
20 720
20 726
20 739
20 746
20 757
20 801
20 872
20 965
21 26
21 32
21 47
21 85
21 133
21 207
21 356
21 401
21 467
21 517
21 614
21 937
22 182
22 313
22 365
22 707
22 815
22 847
23 128
23 174
23 198
23 206
23 231
23 642
23 760
24 30
24 35
24 50
24 83
24 120
24 123
24 124
24 410
24 422
24 431
24 457
24 486
24 792
24 816
24 824
25 27
25 34
25 124
25 137
25 161
25 166
25 175
25 197
25 209
25 388
25 471
25 559
25 574
25 648
26 36
26 38
26 71
26 129
26 178
26 204
26 255
26 262
26 299
26 356
27 30
27 32
27 37
27 38
27 61
27 62
27 68
27 70
27 89
27 115
27 212
27 255
27 265
27 281
27 353
27 371
27 440
27 483
27 622
27 662
27 862
27 942
28 53
28 54
28 92
28 106
28 150
28 167
28 173
28 215
28 238
28 276
28 403
28 485
28 523
28 672
28 876
28 879
28 890
28 894
28 906
29 43
29 74
29 133
29 148
29 165
29 194
29 210
29 214
29 261
29 267
29 283
29 332
29 353
29 365
29 550
29 554
29 588
29 624
29 701
29 717
29 721
29 837
30 69
30 108
30 146
30 174
30 200
30 389
30 402
30 479
30 993
31 35
31 57
31 72
31 97
31 109
31 196
31 199
31 232
31 285
31 304
31 309
31 339
31 382
31 399
31 520
31 524
31 538
31 539
31 546
31 558
31 682
31 728
31 743
31 814
31 878
31 898
31 913
31 915
31 940
32 91
32 99
32 341
32 412
32 473
32 516
32 544
32 585
32 732
32 778
32 819
32 820
32 828
32 858
32 860
32 953
33 46
33 126
33 146
33 181
33 186
33 206
33 247
33 270
33 302
33 315
33 401
33 428
33 483
33 512
33 693
33 808
33 821
34 95
34 147
34 185
34 604
34 618
34 871
35 51
35 115
35 170
35 201
35 273
35 404
35 460
35 470
35 556
35 741
35 767
35 777
35 904
35 906
36 80
36 95
36 98
36 108
36 142
36 199
36 668
36 818
37 43
37 64
37 114
37 122
37 125
37 152
37 156
37 209
37 226
37 278
37 367
37 441
37 483
37 484
37 489
37 513
37 563
37 667
37 669
37 726
37 729
37 752
37 781
37 793
37 804
37 864
37 883
37 959
37 960
37 966
37 968
38 201
38 222
38 324
38 460
38 529
38 561
38 632
38 653
38 750
38 920
38 927
38 935
39 109
39 442
39 503
40 227
40 228
40 323
40 370
40 787
41 44
41 50
41 54
41 60
41 68
41 78
41 82
41 88
41 101
41 135
41 141
41 164
41 165
41 213
41 218
41 230
41 246
41 340
41 425
41 509
41 562
41 611
41 654
41 660
41 682
41 708
41 813
41 820
41 865
41 958
41 976
41 999
42 75
42 87
42 124
42 253
42 278
42 423
42 581
42 970
43 106
43 155
43 205
43 310
43 352
43 362
43 422
43 454
43 487
43 510
43 516
43 522
43 572
43 751
44 102
44 125
44 208
44 690
45 120
45 170
45 257
45 260
45 441
45 515
45 611
45 722
45 754
45 849
45 889
46 49
46 131
46 164
46 180
46 208
46 321
46 327
46 350
46 369
46 386
46 420
46 508
46 576
46 652
46 719
46 736
46 794
46 879
48 69
48 94
48 134
48 155
48 185
48 197
48 213
48 286
48 295
48 317
48 345
48 425
48 433
48 515
48 526
48 921
49 63
49 65
49 66
49 82
49 92
49 123
49 202
49 214
49 232
49 295
49 324
49 415
49 458
49 532
49 575
49 706
49 708
49 720
49 729
49 794
49 816
49 831
49 854
50 62
50 130
50 131
50 160
50 161
50 383
50 396
50 487
50 719
50 750
50 813
50 911
51 68
51 263
51 272
51 294
51 327
51 354
51 375
51 394
51 521
51 552
51 720
51 724
51 982
51 994
52 80
52 109
52 173
52 199
52 454
52 539
52 769
52 777
53 102
53 138
53 172
53 190
53 330
53 379
53 439
53 462
53 670
53 694
53 736
53 741
53 974
54 56
54 62
54 127
54 141
54 142
54 179
54 207
54 219
54 325
54 361
54 368
54 426
54 432
54 461
54 523
54 769
54 877
55 140
55 686
55 728
55 810
55 904
56 168
57 59
57 118
57 495
57 590
57 880
58 67
58 117
58 157
58 275
58 307
58 338
58 377
58 394
58 465
58 535
58 562
58 643
58 892
58 897
59 225
59 364
59 481
60 74
60 156
60 188
60 272
60 427
60 462
60 485
60 586
60 606
60 629
60 753
60 772
60 808
60 892
60 943
61 66
61 311
61 360
61 362
61 507
61 517
61 646
61 868
62 245
62 300
62 400
62 506
62 522
62 645
62 975
63 79
63 113
63 117
63 179
63 464
63 839
63 850
63 864
63 987
64 77
64 276
64 538
64 583
64 776
65 96
65 105
65 110
65 251
65 384
65 433
65 631
65 687
65 688
65 700
65 743
65 918
65 931
65 959
66 116
66 251
66 364
66 429
66 439
66 580
66 702
66 893
66 937
66 961
67 275
67 500
67 549
67 553
67 669
67 888
68 88
68 92
68 148
68 270
68 316
68 537
68 595
68 929
68 944
68 948
69 164
69 176
69 221
69 325
69 348
69 503
69 548
69 819
69 959
70 112
70 242
70 252
70 503
70 543
70 855
70 899
71 79
71 126
71 157
71 256
71 292
71 329
71 375
71 504
71 734
71 749
71 913
71 935
72 990
73 136
73 149
73 186
73 285
73 305
73 346
73 452
73 672
73 853
74 107
74 296
74 714
75 579
76 136
76 318
76 414
76 451
76 949
77 82
77 274
77 348
78 152
78 160
78 192
78 237
78 263
78 327
78 482
78 731
78 786
79 239
79 248
79 347
79 366
79 427
79 529
79 666
79 713
79 765
79 793
79 916
79 975
80 211
80 303
80 873
81 190
81 231
81 293
81 297
81 408
81 756
81 775
81 888
81 896
81 978
82 143
82 373
82 551
83 87
83 110
83 113
83 282
83 329
83 381
83 413
83 517
83 560
83 583
83 635
83 658
84 103
84 248
84 256
84 271
84 393
84 447
84 588
84 619
84 933
85 208
85 526
86 89
86 187
86 556
86 589
86 616
86 943
87 93
87 221
87 229
87 248
87 265
87 277
87 278
87 297
87 379
87 427
87 608
87 815
87 871
87 998
88 90
88 111
88 192
88 275
88 602
88 678
89 160
89 242
89 398
89 452
89 459
89 557
89 580
89 587
89 661
89 799
90 122
90 158
90 212
90 277
90 365
90 384
90 564
90 803
90 840
91 128
91 470
92 112
92 174
92 476
92 909
93 118
93 153
93 230
93 252
93 279
93 362
93 431
93 442
93 468
93 522
93 645
93 734
93 843
94 128
94 162
94 191
94 599
94 886
95 363
95 752
95 811
96 180
96 335
96 369
96 408
96 741
96 893
97 294
97 311
97 341
97 349
97 372
97 386
97 476
97 482
97 528
97 548
97 572
97 593
97 602
97 649
97 743
97 780
97 796
97 805
97 829
97 832
97 842
97 857
98 103
98 214
98 815
98 874
99 150
99 388
99 466
101 226
101 235
101 263
101 594
101 595
101 752
102 163
102 381
102 402
102 524
102 807
103 175
103 210
103 494
103 557
103 856
103 917
104 316
104 332
104 472
104 574
104 851
104 867
105 245
105 360
105 376
106 167
106 178
106 194
106 265
106 599
106 707
107 423
107 919
107 932
107 958
108 135
108 162
108 240
108 242
108 430
108 773
108 829
109 138
109 139
109 158
109 177
109 205
109 215
109 251
109 360
109 454
109 598
110 688
111 119
111 143
111 186
111 312
111 313
111 406
111 525
111 695
111 846
112 146
112 241
112 260
112 269
112 382
112 418
112 425
112 654
113 184
113 218
113 280
113 283
113 346
113 647
113 704
113 780
113 838
113 985
114 195
114 411
114 477
114 768
114 949
115 144
115 184
115 515
115 528
115 549
116 315
116 429
116 817
116 927
117 267
117 404
117 456
117 458
117 467
117 713
117 982
118 673
119 238
119 239
119 355
119 651
120 154
120 213
120 506
120 678
120 973
121 122
121 268
121 274
121 287
121 570
121 781
121 908
121 979
122 129
122 191
122 502
122 889
123 191
123 192
123 198
123 696
123 785
123 872
124 127
124 241
124 256
124 266
125 319
125 381
125 657
125 960
126 196
126 832
127 183
127 390
128 168
128 243
128 246
128 296
128 419
128 443
128 509
128 599
128 718
128 923
128 946
129 268
129 475
129 565
130 161
130 218
130 301
130 510
130 561
130 584
130 597
130 995
131 337
131 393
131 394
131 545
131 547
131 988
132 163
132 193
132 290
132 298
132 596
133 197
133 320
133 323
133 420
133 518
133 755
133 974
134 203
134 344
134 379
134 636
134 810
135 718
135 869
136 237
136 527
136 805
136 886
136 923
137 521
137 677
138 684
139 225
139 230
139 468
139 531
139 640
139 771
140 415
140 501
140 689
141 206
141 217
141 295
141 301
141 326
141 435
141 474
141 650
141 724
141 830
141 909
142 919
142 966
143 364
144 173
144 491
144 825
144 969
146 172
146 195
146 308
146 901
147 476
147 807
148 151
148 162
148 183
148 187
148 202
148 334
148 374
148 404
148 464
148 707
148 747
148 753
148 798
148 881
149 334
149 418
149 457
150 166
150 184
150 391
150 400
150 465
150 681
150 784
150 900
152 220
152 227
152 303
152 424
152 597
152 688
152 945
152 953
153 333
153 397
154 198
154 223
154 224
154 308
154 834
155 409
155 576
156 243
156 300
156 975
157 343
158 250
158 302
158 449
158 553
158 883
159 182
159 257
159 336
159 415
159 446
159 821
160 285
160 552
160 755
161 598
163 409
163 457
163 665
163 848
164 171
164 276
164 352
164 706
165 182
165 203
165 349
165 421
165 455
165 474
165 541
165 601
165 625
165 737
165 863
165 917
167 222
167 603
167 727
167 792
168 217
168 359
168 420
168 555
168 669
168 748
168 771
168 922
169 183
169 219
169 337
169 473
169 785
170 234
170 283
170 615
170 619
170 675
170 764
170 840
170 921
171 370
171 508
171 866
172 300
172 331
172 395
172 682
172 780
172 967
172 981
173 336
173 385
173 480
173 492
173 496
173 645
174 469
175 212
175 258
175 383
175 391
175 481
175 533
176 273
176 292
176 320
176 486
176 787
177 258
178 325
178 387
178 403
178 417
178 494
178 536
178 632
178 802
178 876
179 336
179 725
179 854
179 966
180 993
181 920
181 984
182 216
182 399
184 277
184 746
185 234
185 239
185 518
185 535
186 238
187 264
187 271
187 355
187 758
187 828
187 835
187 894
187 912
188 947
189 414
189 843
189 903
190 451
190 545
190 814
191 224
191 233
191 344
191 514
191 527
191 569
191 648
191 651
191 792
191 816
191 934
191 985
192 269
192 372
193 250
193 281
193 417
193 513
193 537
193 644
193 670
193 723
194 312
194 469
194 841
195 241
195 670
196 220
196 269
197 477
197 916
198 236
198 279
198 291
198 363
198 918
199 377
199 410
199 726
200 221
200 267
200 324
200 628
200 754
200 812
200 939
200 940
201 623
201 712
201 899
201 921
202 234
202 484
203 401
203 519
204 480
205 438
205 441
205 817
206 298
206 301
206 609
207 477
207 696
207 791
209 800
210 249
210 264
210 421
210 445
210 997
211 244
211 455
211 652
211 697
211 738
211 750
211 808
211 819
213 612
213 762
213 791
214 896
215 698
216 240
216 309
216 481
216 912
217 228
217 264
217 550
217 703
218 392
218 467
218 836
219 222
219 227
219 388
219 658
219 885
219 891
219 954
219 991
220 358
220 732
220 956
221 387
221 698
222 453
222 487
222 744
222 866
222 930
223 326
223 498
223 770
223 779
223 887
224 291
224 496
224 718
224 915
225 232
226 344
226 378
226 387
226 395
226 411
226 496
226 941
226 989
229 472
231 553
231 884
231 977
232 983
233 347
233 857
233 976
234 260
234 286
235 419
235 502
235 584
235 634
235 647
235 734
235 938
236 480
237 399
237 715
237 751
239 304
239 610
239 666
240 624
240 679
240 929
241 342
241 373
241 413
241 887
241 980
242 405
243 288
243 693
243 779
243 952
243 990
244 318
244 716
245 400
246 373
247 351
247 354
247 667
247 942
248 424
248 491
249 567
249 642
249 775
249 842
250 421
251 802
252 328
252 405
252 864
252 889
252 937
253 600
253 708
253 736
254 312
254 416
254 436
254 714
254 753
255 563
255 859
256 259
256 625
257 824
258 315
258 323
258 655
258 776
258 838
260 339
260 861
260 990
261 392
261 561
262 279
262 289
262 331
262 363
262 390
262 493
262 617
262 650
262 788
263 731
263 910
264 397
265 266
265 340
265 341
265 407
265 456
265 660
265 683
265 703
265 762
265 772
266 518
267 393
267 693
267 794
268 307
268 380
268 430
268 800
270 417
270 436
270 499
270 565
270 800
271 369
271 474
271 605
271 639
271 642
271 907
272 444
273 983
274 867
274 930
276 566
276 969
277 318
277 585
278 317
278 532
278 577
278 630
278 650
278 793
278 916
278 917
279 314
279 649
279 911
280 304
280 368
280 631
280 663
280 756
281 372
281 633
281 823
282 478
282 486
282 960
282 999
283 389
283 592
283 988
284 588
284 863
285 351
285 448
285 556
285 686
285 880
285 945
285 982
286 321
286 514
287 310
287 382
287 559
287 680
288 321
289 803
290 353
290 926
291 339
291 544
291 661
291 877
291 950
292 603
292 615
292 715
293 542
293 784
293 895
294 296
294 472
294 475
295 444
295 654
296 710
297 397
297 443
297 820
298 456
298 713
300 631
301 412
301 451
301 459
301 530
301 610
301 638
301 664
302 976
303 307
305 511
305 685
307 507
307 675
308 571
308 607
308 869
308 876
308 955
312 593
312 647
312 963
313 521
313 614
314 542
314 636
314 772
314 928
315 497
315 530
315 616
315 811
315 994
316 632
318 361
318 878
318 892
319 446
319 510
319 558
319 573
319 705
319 709
320 331
320 450
321 406
321 445
321 581
322 428
322 505
322 671
323 868
324 448
324 452
324 453
324 791
325 811
326 338
326 929
327 546
327 835
328 407
329 729
331 527
331 554
332 564
332 836
332 926
335 868
336 375
337 343
337 432
337 525
337 710
338 357
343 594
344 447
344 607
344 698
344 702
344 895
344 920
346 699
348 646
348 651
348 681
348 697
348 837
349 356
349 495
350 385
350 586
351 470
352 745
353 395
353 497
353 679
354 747
355 824
356 478
356 489
356 620
356 817
356 860
357 436
359 414
359 566
360 758
360 797
362 422
362 963
364 618
364 668
364 795
364 845
366 440
369 571
370 458
370 505
372 424
372 468
372 683
373 580
374 563
374 587
374 610
374 721
374 877
374 941
375 406
375 434
375 689
376 430
377 389
377 507
377 542
378 575
378 618
379 671
380 505
381 692
382 438
382 882
383 450
383 735
385 516
386 765
387 570
389 438
389 520
389 677
392 437
392 446
393 500
393 943
394 882
395 493
395 568
395 796
396 500
396 706
396 709
397 608
397 881
398 680
398 890
399 570
399 862
404 684
404 804
404 974
405 490
405 723
405 936
406 597
406 625
406 705
407 479
407 574
407 637
408 582
408 628
408 795
408 855
408 996
409 435
409 449
409 603
409 730
409 932
410 434
410 442
410 523
410 633
410 760
410 844
410 861
410 961
412 520
412 798
412 831
414 554
415 659
415 664
415 832
415 895
416 910
419 536
419 569
419 586
419 715
419 767
419 782
419 789
419 822
419 825
419 984
420 577
420 641
421 790
421 853
422 529
422 727
422 804
422 902
423 623
424 488
426 434
426 596
427 461
427 543
427 626
427 742
428 488
429 694
429 977
430 543
430 770
431 759
431 773
432 508
432 850
432 872
432 882
434 661
435 552
435 885
436 763
436 996
438 699
438 700
438 782
438 981
439 475
439 479
439 786
440 695
440 803
441 781
442 536
442 685
445 462
445 531
445 547
445 885
446 622
447 612
448 489
449 595
449 946
450 490
450 730
450 748
452 671
453 999
456 465
456 852
456 871
456 886
457 606
458 605
458 617
460 485
460 579
460 621
460 953
461 906
462 478
463 590
463 856
464 635
465 639
465 737
466 534
466 987
467 833
467 854
468 925
470 534
470 540
470 745
471 495
471 695
471 768
472 497
472 662
473 754
473 936
474 955
476 612
477 626
477 774
477 814
479 839
480 592
480 690
482 575
482 712
482 968
483 551
483 660
485 550
485 560
485 725
485 728
485 928
486 761
486 825
487 602
487 655
487 767
487 769
488 812
491 630
492 740
494 667
494 788
494 907
494 932
494 985
495 829
496 924
498 499
498 541
498 611
498 725
498 841
498 873
500 875
502 604
502 668
502 680
502 739
502 887
503 957
504 551
504 664
504 855
504 965
504 978
505 691
505 711
505 964
506 730
512 656
512 689
512 766
512 941
513 544
513 578
513 600
513 901
514 731
516 531
521 533
521 619
521 697
522 589
522 662
522 905
523 600
524 555
525 576
525 608
525 970
529 616
531 591
531 613
531 984
532 740
532 761
533 565
533 604
533 881
533 991
536 567
536 594
536 823
537 836
537 989
538 870
539 547
540 568
540 940
542 627
543 677
543 721
543 934
543 947
544 590
544 778
544 952
545 806
548 977
549 640
550 562
550 685
550 696
552 582
552 701
553 748
553 784
555 716
555 874
556 861
556 874
556 971
557 719
557 845
557 897
559 605
559 992
560 644
562 762
562 801
564 678
565 641
565 746
566 747
566 875
566 891
568 656
568 951
569 633
570 964
571 724
571 775
578 629
578 745
578 758
581 884
581 962
583 717
587 789
587 900
588 601
588 870
589 894
591 673
595 910
596 733
596 862
597 844
601 630
602 663
602 798
604 701
606 676
606 744
606 749
606 846
608 686
609 806
609 826
611 763
612 672
617 723
617 732
617 914
617 996
619 656
619 998
621 657
621 783
621 845
623 653
624 629
624 807
625 813
626 810
627 956
632 659
637 665
639 657
639 961
641 759
644 768
644 799
644 858
644 902
645 764
646 899
648 674
648 691
648 979
651 690
651 926
654 801
654 809
654 958
658 738
658 759
658 834
658 849
658 925
662 787
662 914
662 950
663 676
663 727
666 956
672 849
672 955
673 702
673 912
675 779
676 722
677 946
680 742
686 761
687 704
690 710
690 904
692 863
694 703
699 788
700 735
700 931
702 963
703 942
704 934
706 716
706 809
708 755
708 970
709 897
709 898
710 797
711 950
713 878
716 903
717 763
717 789
720 945
721 915
722 880
722 933
724 859
726 869
726 939
727 805
728 988
729 848
731 778
731 913
732 735
737 766
741 986
743 875
744 944
746 938
754 821
754 925
755 764
756 833
757 998
758 952
759 830
761 986
763 964
764 930
766 948
768 905
773 947
774 783
781 954
781 978
782 851
783 848
784 806
785 837
785 850
785 860
785 911
796 918
804 838
806 979
807 827
808 884
812 858
813 890
814 923
820 853
820 873
822 835
826 827
827 866
830 944
839 902
842 900
842 908
843 865
847 898
857 870
858 928
864 931
865 901
880 924
893 909
897 980
908 927
912 919
913 969
922 994
935 992
943 968
946 957
954 991
960 980
963 973
971 972
975 997
