0 1
0 2
0 3
0 4
0 5
0 6
0 7
0 8
0 9
0 10
0 12
0 13
0 14
0 15
0 17
0 18
0 19
0 20
0 23
0 25
0 26
0 27
0 30
0 31
0 32
0 34
0 43
0 49
0 58
0 61
0 62
0 64
0 72
0 74
0 75
0 76
0 80
0 83
0 84
0 85
0 118
0 121
0 127
0 161
0 164
0 173
0 182
0 183
0 184
0 185
0 189
0 198
0 200
0 203
0 223
0 229
0 233
0 238
0 240
0 252
0 265
0 271
0 304
0 311
0 331
0 332
0 337
0 352
0 353
0 354
0 356
0 360
0 363
0 366
0 371
0 380
0 394
0 399
0 404
0 416
0 424
0 430
0 463
0 473
0 479
0 487
0 513
0 521
0 559
0 577
0 589
0 605
0 622
0 623
0 624
0 633
0 665
0 675
0 727
0 728
0 752
0 785
0 801
0 814
0 826
0 831
0 843
0 846
0 860
0 873
0 875
0 896
0 918
0 921
0 945
0 976
0 998
1 6
1 7
1 8
1 9
1 10
1 21
1 25
1 27
1 28
1 36
1 41
1 46
1 50
1 51
1 60
1 69
1 71
1 81
1 87
1 91
1 95
1 118
1 120
1 127
1 144
1 163
1 194
1 219
1 231
1 267
1 278
1 297
1 299
1 301
1 312
1 315
1 325
1 338
1 357
1 372
1 376
1 385
1 392
1 404
1 408
1 426
1 437
1 468
1 493
1 500
1 512
1 530
1 538
1 554
1 566
1 610
1 642
1 693
1 719
1 749
1 772
1 800
1 812
1 818
1 852
1 856
1 874
1 895
1 930
1 937
1 972
2 6
2 7
2 8
2 9
2 11
2 12
2 13
2 15
2 22
2 33
2 35
2 37
2 52
2 57
2 58
2 75
2 76
2 77
2 81
2 85
2 86
2 92
2 101
2 107
2 110
2 141
2 143
2 158
2 167
2 188
2 220
2 224
2 225
2 249
2 279
2 289
2 297
2 302
2 325
2 342
2 343
2 368
2 369
2 449
2 454
2 516
2 561
2 568
2 569
2 571
2 593
2 609
2 611
2 623
2 626
2 630
2 715
2 723
2 740
2 832
2 868
2 904
2 923
2 937
2 982
3 6
3 7
3 11
3 71
3 88
3 199
3 299
3 389
3 521
3 882
4 40
4 202
4 383
4 712
5 6
5 20
5 45
5 53
5 80
5 105
5 132
5 174
5 183
5 265
5 417
5 435
5 460
5 522
5 538
5 590
5 874
6 7
6 8
6 9
6 10
6 11
6 12
6 18
6 21
6 22
6 26
6 35
6 37
6 41
6 45
6 56
6 64
6 67
6 68
6 71
6 74
6 77
6 84
6 87
6 89
6 91
6 94
6 95
6 108
6 109
6 121
6 128
6 150
6 156
6 175
6 189
6 193
6 204
6 207
6 212
6 225
6 229
6 237
6 240
6 243
6 268
6 278
6 282
6 286
6 290
6 310
6 311
6 316
6 370
6 383
6 387
6 403
6 420
6 422
6 436
6 451
6 458
6 469
6 509
6 527
6 532
6 534
6 584
6 613
6 622
6 636
6 660
6 680
6 709
6 714
6 720
6 738
6 739
6 781
6 803
6 843
6 877
6 884
6 889
6 920
7 8
7 9
7 10
7 12
7 14
7 15
7 22
7 24
7 31
7 32
7 35
7 43
7 49
7 50
7 57
7 61
7 66
7 78
7 79
7 83
7 86
7 89
7 104
7 105
7 124
7 125
7 127
7 155
7 160
7 181
7 208
7 213
7 215
7 219
7 234
7 235
7 287
7 315
7 328
7 346
7 369
7 377
7 382
7 384
7 394
7 415
7 427
7 438
7 448
7 485
7 488
7 491
7 506
7 520
7 541
7 548
7 557
7 577
7 581
7 582
7 603
7 614
7 629
7 653
7 686
7 694
7 704
7 710
7 726
7 749
7 769
7 775
7 798
7 834
7 835
7 842
7 848
7 850
7 853
7 873
7 874
7 876
7 882
7 983
8 12
8 13
8 16
8 17
8 19
8 20
8 21
8 23
8 24
8 27
8 29
8 32
8 38
8 50
8 55
8 60
8 67
8 72
8 83
8 96
8 97
8 99
8 103
8 104
8 116
8 120
8 123
8 128
8 131
8 137
8 138
8 152
8 163
8 170
8 175
8 180
8 212
8 216
8 241
8 242
8 252
8 256
8 270
8 276
8 279
8 293
8 300
8 308
8 309
8 323
8 337
8 338
8 375
8 379
8 393
8 401
8 405
8 406
8 434
8 437
8 449
8 490
8 494
8 517
8 518
8 559
8 560
8 572
8 573
8 633
8 654
8 660
8 685
8 703
8 714
8 742
8 768
8 770
8 793
8 808
8 820
8 859
8 862
8 867
8 891
8 899
8 908
8 910
8 936
8 941
8 958
9 10
9 11
9 13
9 14
9 15
9 16
9 17
9 18
9 23
9 24
9 28
9 30
9 33
9 36
9 41
9 42
9 45
9 62
9 65
9 66
9 71
9 73
9 74
9 91
9 97
9 98
9 100
9 109
9 110
9 112
9 131
9 141
9 152
9 170
9 178
9 187
9 191
9 204
9 221
9 231
9 256
9 258
9 266
9 273
9 276
9 324
9 327
9 339
9 347
9 367
9 393
9 396
9 410
9 417
9 440
9 469
9 490
9 496
9 531
9 586
9 620
9 631
9 666
9 667
9 676
9 707
9 708
9 719
9 722
9 751
9 767
9 769
9 771
9 772
9 786
9 804
9 817
9 843
9 891
9 900
9 997
10 11
10 14
10 15
10 16
10 18
10 19
10 20
10 22
10 23
10 24
10 26
10 27
10 28
10 33
10 34
10 42
10 43
10 44
10 46
10 48
10 51
10 53
10 54
10 58
10 61
10 65
10 73
10 74
10 86
10 90
10 91
10 94
10 97
10 104
10 106
10 115
10 133
10 149
10 159
10 160
10 161
10 166
10 171
10 176
10 184
10 194
10 205
10 227
10 236
10 243
10 248
10 249
10 253
10 254
10 262
10 264
10 271
10 276
10 294
10 302
10 320
10 326
10 363
10 383
10 396
10 416
10 437
10 484
10 516
10 594
10 598
10 600
10 636
10 645
10 655
10 662
10 711
10 722
10 724
10 753
10 758
10 759
10 762
10 804
10 827
10 855
10 886
10 887
10 897
10 904
10 917
10 963
10 968
10 973
10 974
10 985
11 14
11 16
11 17
11 19
11 29
11 30
11 31
11 32
11 33
11 38
11 42
11 46
11 47
11 51
11 55
11 66
11 70
11 73
11 75
11 76
11 79
11 81
11 82
11 83
11 90
11 92
11 93
11 97
11 108
11 122
11 130
11 145
11 148
11 153
11 157
11 166
11 171
11 174
11 180
11 201
11 203
11 215
11 219
11 220
11 223
11 262
11 264
11 266
11 272
11 274
11 283
11 286
11 288
11 291
11 311
11 314
11 316
11 332
11 349
11 358
11 364
11 366
11 384
11 385
11 386
11 392
11 409
11 420
11 440
11 486
11 505
11 529
11 530
11 549
11 558
11 598
11 604
11 608
11 615
11 624
11 625
11 659
11 663
11 688
11 700
11 701
11 709
11 713
11 782
11 783
11 827
11 830
11 881
11 900
11 928
11 941
11 959
11 963
11 967
12 13
12 17
12 22
12 25
12 26
12 29
12 36
12 38
12 40
12 44
12 52
12 53
12 61
12 63
12 65
12 81
12 86
12 90
12 91
12 102
12 111
12 113
12 116
12 126
12 134
12 142
12 157
12 167
12 176
12 180
12 188
12 216
12 218
12 221
12 238
12 263
12 267
12 274
12 281
12 285
12 290
12 301
12 346
12 347
12 348
12 359
12 368
12 378
12 381
12 391
12 409
12 421
12 431
12 435
12 439
12 460
12 463
12 499
12 502
12 509
12 525
12 530
12 556
12 557
12 589
12 591
12 602
12 617
12 634
12 676
12 679
12 702
12 719
12 729
12 759
12 774
12 780
12 788
12 805
12 833
12 848
12 869
12 890
12 893
12 933
12 966
12 990
12 996
13 16
13 29
13 30
13 37
13 42
13 52
13 58
13 66
13 67
13 69
13 104
13 126
13 129
13 148
13 168
13 182
13 205
13 218
13 254
13 273
13 274
13 320
13 375
13 430
13 479
13 489
13 519
13 520
13 525
13 529
13 542
13 592
13 648
13 727
13 806
13 808
13 872
13 970
14 28
14 30
14 31
14 48
14 100
14 126
14 280
14 313
14 328
14 457
14 493
14 502
14 631
14 682
14 712
14 823
14 910
14 912
15 39
15 56
15 70
15 131
15 146
15 149
15 177
15 204
15 206
15 232
15 247
15 317
15 516
15 548
15 569
15 849
15 928
16 18
16 19
16 26
16 33
16 34
16 59
16 63
16 69
16 70
16 71
16 79
16 86
16 96
16 107
16 121
16 124
16 200
16 226
16 234
16 255
16 267
16 279
16 320
16 323
16 387
16 413
16 418
16 422
16 448
16 510
16 526
16 657
16 663
16 682
16 744
16 747
16 790
16 800
16 826
16 837
16 955
17 21
17 23
17 29
17 35
17 44
17 57
17 87
17 94
17 114
17 126
17 143
17 151
17 161
17 168
17 186
17 193
17 202
17 233
17 235
17 242
17 433
17 440
17 560
17 597
17 621
17 648
17 707
17 768
17 775
17 782
17 808
17 833
17 905
17 915
17 969
18 20
18 24
18 37
18 40
18 63
18 85
18 95
18 171
18 178
18 190
18 202
18 228
18 277
18 336
18 415
18 449
18 476
18 531
18 545
18 589
18 654
18 725
18 728
18 775
18 815
18 845
18 861
18 956
19 21
19 47
19 55
19 62
19 75
19 99
19 101
19 103
19 118
19 120
19 129
19 139
19 147
19 151
19 183
19 185
19 190
19 251
19 254
19 261
19 285
19 301
19 347
19 365
19 377
19 390
19 432
19 439
19 454
19 466
19 495
19 508
19 536
19 620
19 635
19 641
19 688
19 693
19 701
19 747
19 894
19 941
19 983
19 990
20 34
20 39
20 48
20 64
20 76
20 89
20 112
20 228
20 260
20 322
20 359
20 425
20 494
20 564
20 609
20 706
20 716
20 874
20 924
20 947
21 25
21 32
21 43
21 46
21 57
21 60
21 70
21 80
21 84
21 85
21 93
21 107
21 127
21 132
21 197
21 199
21 222
21 224
21 226
21 234
21 235
21 269
21 281
21 382
21 402
21 421
21 465
21 470
21 472
21 488
21 517
21 519
21 528
21 550
21 564
21 587
21 594
21 615
21 649
21 656
21 685
21 689
21 713
21 721
21 763
21 766
21 849
21 865
21 909
21 916
22 35
22 37
22 48
22 49
22 54
22 96
22 103
22 111
22 241
22 247
22 252
22 270
22 271
22 319
22 418
22 441
22 556
22 562
22 631
22 660
22 755
22 825
22 859
23 38
23 54
23 56
23 70
23 82
23 88
23 107
23 112
23 135
23 143
23 186
23 190
23 241
23 323
23 364
23 391
23 473
23 508
23 638
23 706
23 718
23 727
23 946
23 988
23 989
24 25
24 27
24 117
24 121
24 247
24 303
24 443
24 554
24 836
25 59
25 62
25 69
25 78
25 143
25 177
25 185
25 291
25 295
25 313
25 336
25 363
25 382
25 386
25 399
25 503
25 595
25 617
25 652
25 764
25 785
25 805
25 840
25 848
25 913
25 922
25 923
26 34
26 36
26 38
26 39
26 54
26 55
26 57
26 64
26 68
26 84
26 85
26 100
26 109
26 117
26 142
26 150
26 155
26 259
26 261
26 268
26 319
26 328
26 350
26 352
26 358
26 421
26 452
26 505
26 546
26 578
26 583
26 598
26 620
26 665
26 669
26 671
26 684
26 685
26 756
26 829
26 857
26 904
26 940
26 959
26 986
27 28
27 31
27 36
27 41
27 43
27 49
27 59
27 72
27 77
27 94
27 111
27 141
27 150
27 152
27 156
27 161
27 180
27 196
27 227
27 239
27 283
27 298
27 299
27 300
27 315
27 331
27 387
27 461
27 463
27 553
27 557
27 622
27 677
27 696
27 773
27 814
27 858
27 880
27 911
27 972
28 138
28 211
28 215
28 431
28 451
28 550
28 670
28 841
29 44
29 47
29 78
29 81
29 120
29 147
29 178
29 195
29 199
29 200
29 246
29 259
29 302
29 307
29 313
29 427
29 445
29 576
29 745
29 781
29 835
30 40
30 50
30 69
30 73
30 111
30 115
30 149
30 167
30 207
30 210
30 211
30 213
30 249
30 283
30 288
30 300
30 380
30 385
30 445
30 451
30 487
30 499
30 547
30 579
30 636
30 641
30 809
30 819
30 839
30 926
31 45
31 52
31 101
31 126
31 154
31 156
31 164
31 183
31 188
31 213
31 228
31 352
31 409
31 412
31 464
31 465
31 471
31 527
31 555
31 630
31 702
31 757
31 763
31 795
31 902
31 931
31 970
32 250
33 46
33 48
33 139
33 155
33 174
33 178
33 275
33 322
33 411
33 442
33 496
33 567
33 617
33 764
33 903
33 984
34 39
34 80
34 155
34 157
34 236
34 269
34 281
34 430
34 439
34 469
34 599
34 602
34 681
34 723
34 823
34 865
34 927
35 40
35 90
35 113
35 146
35 187
35 324
35 388
35 450
35 501
35 537
35 595
35 665
35 683
35 728
35 767
35 781
35 787
35 797
35 816
35 856
35 979
36 39
36 59
36 72
36 76
36 109
36 117
36 142
36 147
36 166
36 231
36 248
36 272
36 279
36 305
36 343
36 355
36 433
36 501
36 540
36 774
36 777
36 821
36 859
36 905
36 960
37 42
37 56
37 63
37 114
37 117
37 133
37 137
37 159
37 170
37 252
37 278
37 293
37 334
37 341
37 393
37 394
37 418
37 422
37 477
37 518
37 534
37 546
37 586
37 656
37 699
37 909
37 981
38 51
38 60
38 88
38 140
38 146
38 187
38 204
38 222
38 268
38 269
38 296
38 314
38 395
38 400
38 480
38 530
38 545
38 561
38 584
38 808
38 827
38 864
38 885
38 905
38 957
39 54
39 56
39 62
39 96
39 101
39 125
39 169
39 185
39 191
39 223
39 341
39 402
39 533
39 558
39 589
39 669
39 689
39 733
39 762
39 790
39 858
39 887
39 901
40 41
40 79
40 100
40 114
40 163
40 427
40 471
40 480
40 547
40 655
40 680
40 764
40 777
40 811
40 865
40 887
40 895
41 45
41 89
41 94
41 136
41 138
41 169
41 207
41 239
41 286
41 752
41 773
41 813
41 896
42 44
42 53
42 55
42 64
42 66
42 67
42 92
42 112
42 135
42 151
42 154
42 160
42 162
42 194
42 281
42 312
42 335
42 353
42 367
42 377
42 428
42 435
42 485
42 618
42 644
42 662
42 808
42 878
42 899
42 909
42 933
42 939
42 943
43 47
43 49
43 51
43 154
43 265
43 294
43 413
43 558
43 608
43 678
43 768
43 819
43 950
44 47
44 52
44 58
44 63
44 68
44 82
44 89
44 93
44 98
44 105
44 106
44 112
44 113
44 123
44 142
44 163
44 190
44 221
44 244
44 281
44 303
44 334
44 377
44 412
44 419
44 484
44 562
44 586
44 587
44 628
44 657
44 696
44 716
44 726
44 756
44 926
44 946
44 951
45 60
45 68
45 77
45 93
45 99
45 110
45 128
45 256
45 298
45 318
45 320
45 321
45 327
45 396
45 399
45 478
45 497
45 516
45 592
45 623
45 625
45 640
45 650
45 701
45 739
45 828
45 880
45 963
46 61
46 77
46 88
46 102
46 103
46 132
46 172
46 173
46 183
46 221
46 255
46 261
46 284
46 287
46 345
46 372
46 429
46 486
46 514
46 516
46 616
46 621
46 683
46 687
46 707
46 721
46 730
46 734
46 737
46 744
46 765
46 778
46 831
46 846
46 848
46 850
46 863
46 880
46 955
46 998
47 50
47 53
47 102
47 198
47 210
47 217
47 244
47 248
47 290
47 445
47 572
47 794
48 83
48 101
48 123
48 136
48 195
48 198
48 319
48 328
48 389
48 401
48 414
48 426
48 430
48 619
48 640
48 675
48 746
48 751
48 763
48 785
48 851
49 74
49 109
49 125
49 305
49 489
49 586
49 646
49 754
49 814
49 818
49 822
50 65
50 99
50 128
50 169
50 203
50 250
50 305
50 312
50 368
50 373
50 388
50 393
50 395
50 438
50 539
50 642
50 674
50 792
50 809
50 890
50 998
51 120
51 138
51 146
51 220
51 334
51 557
51 569
51 720
51 786
51 806
51 889
52 372
52 378
52 381
52 446
52 647
52 826
52 934
53 59
53 119
53 123
53 145
53 162
53 264
53 374
53 456
53 598
53 744
53 961
53 997
54 82
54 116
54 119
54 122
54 154
54 172
54 181
54 184
54 201
54 218
54 238
54 245
54 295
54 325
54 343
54 350
54 381
54 457
54 480
54 490
54 544
54 634
54 666
54 717
54 938
55 114
55 119
55 121
55 125
55 168
55 222
55 323
55 352
55 359
55 380
55 444
55 466
55 479
55 667
55 775
55 917
55 942
56 118
56 136
56 199
56 206
56 259
56 308
56 370
56 391
56 396
56 515
56 518
56 651
56 700
56 816
56 863
56 867
56 935
57 68
57 87
57 135
57 151
57 175
57 373
57 492
57 536
57 560
57 577
57 672
57 914
57 964
57 997
58 84
58 128
58 133
58 228
58 272
58 277
58 295
58 335
58 347
58 369
58 376
58 411
58 468
58 501
58 545
58 559
58 603
58 627
58 673
58 674
58 805
58 929
58 976
59 72
59 73
59 122
59 316
59 340
59 459
59 601
59 652
59 664
59 675
59 731
59 927
59 947
60 153
60 208
60 327
60 442
60 695
60 788
61 80
61 95
61 124
61 145
61 149
61 150
61 191
61 251
61 329
61 354
61 361
61 433
61 473
61 664
61 682
61 771
61 880
61 927
62 65
62 67
62 102
62 113
62 134
62 247
62 260
62 394
62 492
62 629
62 752
62 756
62 845
62 915
62 917
62 936
62 998
62 999
63 106
63 114
63 140
63 187
63 531
63 550
63 962
64 92
64 127
64 160
64 209
64 248
64 263
64 298
64 325
64 331
64 333
64 437
64 608
64 648
64 845
64 907
64 945
65 100
65 158
65 172
65 197
65 205
65 232
65 372
65 484
65 556
65 875
65 915
66 110
66 119
66 130
66 138
66 153
66 158
66 179
66 193
66 214
66 227
66 382
66 445
66 487
66 535
66 577
66 590
66 603
66 760
66 914
66 987
67 108
67 182
67 184
67 220
67 257
67 270
67 345
67 612
67 926
67 945
68 75
68 98
68 145
68 157
68 174
68 195
68 246
68 253
68 289
68 446
68 565
68 635
68 723
68 960
68 964
69 82
69 111
69 129
69 135
69 292
69 335
69 371
69 464
69 650
69 663
69 725
69 796
69 888
70 87
70 98
70 99
70 117
70 130
70 147
70 152
70 227
70 307
70 323
70 350
70 366
70 438
70 486
70 606
70 634
70 668
70 839
71 105
71 131
71 164
71 173
71 187
71 201
71 316
71 524
71 735
71 769
71 782
72 78
72 79
72 103
72 134
72 221
72 330
72 478
72 540
72 561
72 746
72 833
72 946
72 996
73 102
73 139
73 140
73 148
73 230
73 250
73 365
73 411
73 542
73 602
73 699
74 110
74 158
74 350
74 360
74 413
74 524
74 567
74 575
74 645
74 703
75 78
75 148
75 188
75 364
75 520
75 756
75 812
75 894
75 912
75 920
76 98
76 106
76 118
76 157
76 175
76 177
76 218
76 322
76 333
76 356
76 386
76 387
76 392
76 453
76 513
76 626
76 639
76 641
76 680
76 692
76 742
76 748
76 844
76 893
77 88
77 92
77 116
77 140
77 184
77 251
77 410
77 413
77 417
77 428
77 458
77 831
77 882
77 913
78 105
78 115
78 116
78 266
78 280
78 351
78 410
78 436
78 576
78 786
78 867
79 132
79 147
79 164
79 234
79 252
79 714
79 724
79 882
79 960
80 129
80 149
80 170
80 225
80 314
80 615
80 783
81 97
81 165
81 180
81 182
81 193
81 329
81 402
81 410
81 673
81 717
81 748
81 921
82 96
82 119
82 136
82 137
82 167
82 209
82 236
82 306
82 431
82 450
82 483
82 491
82 568
82 588
82 628
82 749
82 794
82 796
82 810
82 840
82 864
82 888
82 905
82 907
82 957
83 133
83 172
83 173
83 189
83 195
83 220
83 244
83 259
83 275
83 280
83 292
83 300
83 307
83 308
83 337
83 340
83 348
83 414
83 434
83 453
83 472
83 481
83 528
83 666
83 670
83 812
83 855
84 90
84 107
84 131
84 176
84 182
84 207
84 208
84 239
84 275
84 337
84 353
84 439
84 441
84 575
84 580
84 582
84 588
84 639
84 686
84 693
84 730
84 821
84 874
84 908
84 928
84 952
85 176
85 289
85 295
85 381
85 473
85 498
85 570
85 584
85 638
85 646
85 752
85 931
86 196
86 280
86 358
86 407
86 434
86 661
86 816
86 833
86 873
86 899
86 911
87 186
87 459
87 515
87 716
87 831
88 93
88 108
88 124
88 134
88 137
88 175
88 179
88 197
88 215
88 235
88 237
88 268
88 295
88 374
88 397
88 418
88 447
88 465
88 494
88 541
88 548
88 563
88 583
88 678
88 689
88 702
88 717
88 726
88 741
88 792
88 837
88 889
88 947
88 967
88 982
89 185
89 189
89 214
89 441
89 525
89 731
89 930
90 115
90 148
90 266
90 395
90 474
90 592
90 672
91 204
91 212
91 272
91 345
91 362
91 695
91 836
91 949
92 95
92 124
92 142
92 150
92 153
92 248
92 310
92 321
92 354
92 415
92 527
92 691
92 755
92 813
92 879
93 213
93 235
93 312
93 326
93 422
93 552
93 639
93 682
93 736
93 901
93 909
94 134
94 141
94 197
94 206
94 214
94 240
94 406
94 432
94 450
94 638
94 668
94 756
94 960
94 995
95 106
95 129
95 137
95 145
95 206
95 256
95 319
95 336
95 487
95 611
95 746
95 851
95 885
96 122
96 164
96 177
96 613
96 785
96 807
96 917
96 940
97 133
97 165
97 200
97 262
97 280
97 317
97 335
97 397
97 464
97 478
97 504
97 630
97 641
97 711
97 746
97 754
97 764
97 830
98 104
98 172
98 192
98 209
98 223
98 245
98 289
98 408
98 416
98 452
98 475
98 645
98 661
98 688
98 844
99 166
99 173
99 253
99 254
99 285
99 327
99 365
99 379
99 503
99 506
99 536
99 554
99 571
99 587
99 593
99 664
99 736
99 810
99 937
100 115
100 130
100 230
100 282
100 325
100 496
100 523
100 555
100 591
100 717
100 739
100 789
100 827
100 866
100 932
100 992
100 996
101 196
101 202
101 333
101 338
101 424
101 432
101 470
102 143
102 169
102 206
102 266
102 269
102 288
102 318
102 333
102 372
102 375
102 397
102 621
102 671
102 788
102 818
102 859
102 862
103 122
103 125
103 139
103 410
103 444
103 672
103 766
104 350
104 456
104 579
104 647
104 876
104 935
104 991
105 210
105 212
105 229
105 256
105 260
105 457
105 467
105 482
105 533
105 540
105 575
105 579
105 600
105 619
105 627
105 744
105 844
106 108
106 123
106 243
106 260
106 363
106 423
106 532
107 209
107 339
107 386
107 718
107 834
108 113
108 286
108 339
108 462
108 486
108 583
108 627
108 748
109 144
109 159
109 160
109 165
109 250
109 265
109 424
109 483
109 499
109 721
109 800
109 835
109 890
109 957
110 130
110 186
110 242
110 270
110 271
110 289
110 302
110 365
110 443
110 485
110 505
110 624
110 669
110 707
110 737
110 757
110 767
110 770
111 237
111 397
111 425
111 596
111 692
112 198
112 288
112 356
112 562
112 657
112 683
112 705
112 949
113 154
113 163
113 273
113 282
113 309
113 390
113 498
113 729
113 875
114 139
114 144
114 181
114 191
114 276
114 330
114 362
114 573
114 594
114 823
114 894
114 966
115 283
115 298
115 375
116 146
116 171
116 231
116 313
116 356
116 526
116 603
116 607
116 747
116 851
117 136
117 388
117 622
117 647
117 868
118 218
118 244
118 296
118 318
118 332
118 367
118 379
118 412
118 540
118 596
118 694
118 893
118 993
119 141
119 181
119 215
119 233
119 238
119 258
119 373
119 506
119 666
119 694
119 862
119 923
120 170
120 311
120 425
120 594
120 697
120 731
121 132
121 159
121 441
121 602
121 939
122 156
122 244
122 263
122 308
122 329
122 345
122 349
122 366
122 419
122 445
122 446
122 551
122 567
122 590
122 699
122 711
122 913
122 978
123 200
123 303
123 500
123 526
123 753
123 768
123 830
123 837
124 255
124 277
124 306
124 376
124 511
124 545
124 618
124 619
124 790
124 800
125 135
125 542
125 618
125 626
125 686
125 787
125 922
126 144
126 217
126 236
126 251
126 335
126 582
126 841
127 166
127 202
127 257
127 273
127 409
127 444
127 688
127 806
127 929
128 176
128 194
128 224
128 279
128 302
128 484
128 494
128 505
128 600
128 643
128 708
128 729
128 811
128 821
128 834
128 841
128 968
129 181
129 226
129 267
129 346
129 348
129 379
129 401
129 497
129 742
129 789
129 832
129 919
129 920
129 972
130 161
130 259
130 277
130 301
130 373
130 407
130 424
130 480
130 482
130 504
130 609
130 675
131 140
131 212
131 230
131 287
131 378
131 439
131 692
131 714
131 721
131 955
132 153
132 196
132 209
132 241
132 242
132 271
132 284
132 296
132 327
132 429
132 446
132 490
132 524
132 670
132 680
132 701
132 703
132 750
132 797
132 809
132 852
132 958
132 968
133 216
133 239
133 249
133 309
133 361
133 378
133 457
133 495
133 565
133 645
133 740
134 217
134 238
134 384
134 404
134 527
134 556
134 612
134 857
134 901
134 934
135 162
135 167
135 229
135 322
135 326
135 331
135 447
135 464
135 475
135 481
135 511
135 556
135 607
135 650
135 729
135 803
135 836
135 868
135 913
136 158
136 245
136 297
136 364
136 593
136 637
136 651
136 715
136 776
136 933
136 936
137 151
137 165
137 219
137 222
137 237
137 270
137 292
137 356
137 384
137 427
137 448
137 474
137 576
137 604
137 649
137 675
137 735
137 906
137 928
138 186
138 224
138 239
138 452
138 710
138 745
138 777
138 913
139 232
139 246
139 251
139 275
139 318
139 408
139 472
139 475
139 518
139 543
139 551
139 654
139 661
139 670
139 738
139 761
139 774
139 779
139 790
139 907
140 144
140 211
140 307
140 309
140 324
140 403
140 429
140 455
140 553
140 563
140 651
140 687
140 743
140 906
141 197
141 203
141 503
141 777
141 788
141 965
142 179
142 192
142 294
142 370
142 388
142 873
143 165
143 229
143 304
143 426
143 456
143 585
143 733
144 162
144 192
144 210
144 277
144 490
144 533
144 576
144 608
144 750
144 754
144 820
144 865
144 954
145 152
145 374
145 453
145 499
145 535
145 549
145 582
145 895
145 908
146 179
146 326
146 371
146 385
146 573
146 632
146 890
146 943
147 159
147 208
147 308
147 334
147 447
147 637
147 643
147 652
147 740
147 797
147 931
148 155
148 162
148 214
148 225
148 290
148 342
148 346
148 360
148 550
148 689
148 769
148 803
148 812
149 156
149 168
149 177
149 230
149 241
149 336
149 348
149 419
149 502
149 607
149 705
149 852
149 902
149 951
150 179
150 217
150 223
150 367
150 426
150 742
151 416
151 535
152 228
152 521
152 579
152 798
153 234
153 261
153 361
153 407
153 412
153 427
153 480
153 504
153 581
153 649
153 889
153 899
153 954
153 987
154 189
154 250
154 330
154 537
154 555
154 704
154 807
154 991
155 805
156 192
156 205
156 208
156 226
156 394
156 443
156 924
156 926
156 948
157 249
157 317
157 642
157 697
157 882
157 898
158 168
158 210
158 307
158 317
158 456
158 462
158 481
158 570
158 671
158 736
159 199
159 449
159 846
159 919
159 965
160 196
160 553
160 630
160 777
160 949
161 222
161 292
161 315
161 401
161 429
161 488
161 523
161 563
161 584
161 613
161 677
161 678
161 766
161 792
161 850
161 945
162 192
162 232
162 310
162 423
162 458
162 544
162 824
162 838
162 862
163 231
163 361
163 417
163 482
163 779
163 834
163 866
163 902
163 946
164 286
164 288
164 332
164 359
164 509
164 632
164 635
164 647
164 701
164 825
164 940
164 978
165 284
165 587
165 886
166 169
166 211
166 292
166 344
166 387
166 398
166 421
166 477
166 706
166 803
166 853
167 171
167 188
167 190
167 460
167 465
167 481
167 659
167 839
168 406
168 958
168 959
168 999
169 195
169 213
169 243
169 260
169 416
169 529
169 755
169 930
170 320
170 709
170 911
171 994
172 174
172 389
172 477
172 659
172 887
173 291
173 400
173 463
173 517
173 524
174 527
174 664
174 729
174 824
175 205
175 462
175 478
175 497
175 517
175 561
175 708
176 194
176 198
176 224
176 339
176 431
176 518
176 559
176 620
176 987
177 178
177 201
177 217
177 537
177 578
177 601
178 237
178 316
178 423
178 440
178 609
178 612
178 786
179 203
179 296
180 247
180 261
180 274
180 290
180 296
180 315
180 413
180 606
180 635
180 647
180 746
180 807
180 861
180 952
182 370
183 242
183 305
183 330
183 459
183 465
183 495
183 572
183 720
183 731
183 942
184 243
184 306
184 393
185 309
185 379
185 907
186 201
186 847
186 971
187 193
187 226
187 339
187 741
187 906
188 191
188 269
188 662
189 246
189 407
189 726
189 795
189 804
189 973
190 216
190 233
190 240
190 321
190 332
190 353
190 403
190 438
190 444
190 481
190 491
190 538
190 562
190 613
191 207
191 557
192 232
192 324
192 597
192 667
192 885
193 355
194 371
194 398
194 570
195 225
195 257
196 253
196 278
196 322
196 357
196 369
196 644
196 710
196 718
196 765
196 966
196 976
197 631
197 771
198 264
198 458
198 534
198 547
198 634
198 722
198 754
198 848
198 982
199 227
199 253
199 258
199 301
199 422
199 433
199 498
199 611
199 706
199 709
199 831
199 972
200 230
200 401
200 436
200 536
200 625
200 697
200 842
200 939
200 992
201 299
201 311
201 715
202 255
202 272
202 298
202 479
202 684
202 932
202 958
202 971
203 211
203 375
203 425
203 751
203 832
203 935
204 380
204 466
204 758
204 809
204 943
205 240
205 354
205 631
205 653
205 734
205 806
205 854
206 428
207 257
207 294
207 343
207 423
207 455
207 863
207 967
208 360
208 400
208 431
208 470
208 512
208 541
208 593
208 608
209 340
209 479
209 501
209 588
209 591
209 757
209 814
209 854
209 895
210 214
210 216
210 255
210 282
210 507
210 534
210 552
210 558
210 640
210 643
210 723
210 789
211 263
211 347
211 376
211 483
211 536
211 938
211 962
211 991
212 405
213 276
213 402
214 262
214 275
214 432
214 440
214 507
215 219
215 414
215 611
215 667
216 254
216 344
216 358
216 399
216 432
216 438
216 528
216 836
216 862
216 878
216 944
217 282
217 285
217 472
218 263
218 549
218 624
218 679
218 698
218 737
218 828
219 761
220 855
220 860
221 258
221 384
221 442
221 547
221 758
221 884
221 892
221 984
222 283
222 284
222 338
222 446
222 482
222 499
222 571
222 734
222 761
222 780
222 790
222 795
222 924
223 284
223 430
223 442
223 570
223 590
223 614
223 663
223 670
223 847
223 893
223 949
223 950
223 980
224 268
224 511
224 529
224 596
224 698
224 876
225 353
225 400
226 507
226 912
227 389
227 500
227 567
227 684
227 700
227 907
227 963
228 257
228 264
228 297
228 357
228 519
228 564
228 719
228 841
228 979
228 982
229 649
229 956
230 474
231 233
231 682
231 743
232 303
232 488
233 236
233 344
233 392
233 400
233 451
233 461
233 638
233 663
234 246
234 355
234 374
234 383
234 773
235 306
235 374
235 424
235 428
235 515
235 753
235 772
235 802
235 815
235 824
236 368
237 245
237 397
237 576
237 711
237 825
237 866
238 844
239 340
239 515
239 627
239 900
240 304
240 391
241 245
241 265
241 278
241 297
241 344
241 395
241 418
241 473
241 652
241 799
242 258
242 370
242 703
243 462
243 602
243 888
244 262
244 342
244 362
244 390
244 732
244 741
244 785
244 857
245 598
245 781
246 304
246 336
246 358
246 363
246 975
247 776
247 783
248 273
248 274
248 294
248 341
248 572
248 712
248 839
248 894
249 287
249 493
249 587
249 716
249 724
250 313
250 778
251 351
251 455
251 715
251 921
252 382
252 408
252 411
252 492
252 504
252 621
252 681
252 686
252 745
252 772
252 775
252 869
252 968
252 974
253 267
253 364
253 406
253 409
253 489
253 696
253 698
253 883
253 932
254 349
254 444
254 702
255 304
255 466
255 585
255 834
255 840
256 285
256 398
256 435
256 456
256 508
256 514
256 537
256 607
256 683
256 959
256 997
257 588
257 763
258 305
258 738
259 293
259 565
259 850
260 321
260 685
260 941
260 972
262 511
262 564
262 761
262 867
263 399
263 689
263 706
263 760
264 461
264 475
264 613
264 673
264 731
265 368
265 425
265 458
265 507
265 508
265 721
265 750
265 751
266 291
266 386
266 434
266 514
266 626
266 690
266 778
266 805
266 818
267 343
267 376
267 443
267 529
267 554
267 565
267 751
267 888
268 357
268 510
268 762
268 881
268 987
269 406
269 476
269 801
270 420
270 471
270 501
270 540
270 690
270 850
271 344
271 455
271 522
271 676
271 771
271 784
271 884
271 988
271 994
272 293
272 348
272 496
272 580
272 665
272 801
273 412
273 517
273 594
273 886
273 893
274 452
274 829
275 512
275 543
275 685
276 454
276 469
276 748
276 833
276 870
277 403
277 450
277 551
277 649
277 902
277 912
277 924
277 956
278 319
278 443
278 560
279 287
279 303
279 531
279 732
279 856
279 916
280 326
280 360
280 423
280 498
280 521
280 855
280 973
281 891
282 310
282 520
283 355
283 472
283 502
283 605
283 884
283 946
284 306
284 318
284 367
284 467
284 519
284 532
284 546
284 574
284 604
284 970
285 334
285 388
285 532
285 542
285 677
285 847
286 605
287 314
287 390
287 415
287 483
287 728
288 293
288 341
288 365
288 448
288 523
288 653
288 745
288 867
289 291
289 299
289 300
289 504
289 659
290 333
290 414
290 491
290 939
291 390
291 571
291 630
292 403
292 435
292 953
293 351
293 639
293 853
293 962
294 312
294 646
294 950
294 983
294 997
295 354
295 429
295 650
295 669
295 818
296 392
296 471
297 314
297 328
297 544
298 346
299 404
299 454
299 539
300 447
301 398
301 428
301 585
302 310
302 582
302 793
303 467
303 828
304 377
304 463
304 534
304 944
304 993
305 331
305 563
305 591
305 692
305 847
305 852
305 883
306 628
306 791
306 955
307 402
307 623
307 692
307 744
308 464
308 658
308 691
308 811
308 953
308 974
309 366
309 748
309 854
309 989
311 317
311 324
311 396
311 461
311 749
312 467
312 474
312 747
312 892
312 932
313 417
313 931
314 330
314 357
314 391
314 405
314 476
314 526
314 537
314 560
314 586
314 609
314 674
314 810
314 819
314 830
314 982
315 321
315 585
315 601
315 668
315 796
315 802
315 920
316 345
316 448
316 914
317 342
317 361
317 398
317 561
317 597
318 408
318 533
318 743
318 897
319 497
319 522
319 551
320 565
321 451
322 329
322 373
322 389
322 471
322 616
322 824
323 341
324 329
324 351
324 703
324 879
325 872
326 554
326 568
326 911
327 352
327 776
328 477
328 652
328 886
329 362
329 712
329 888
329 964
330 676
330 977
331 337
331 340
331 441
331 449
331 657
331 718
331 750
331 820
332 338
332 514
332 738
332 871
333 985
333 988
334 510
334 512
334 543
334 570
334 747
335 342
335 349
335 369
335 459
335 468
335 522
335 578
335 734
335 743
335 780
336 654
337 541
338 355
338 506
339 349
339 656
339 816
339 819
339 822
339 980
340 641
340 710
341 466
341 551
341 700
341 920
342 371
342 485
342 488
342 542
342 646
342 950
343 484
343 521
343 656
343 835
343 971
344 362
344 691
344 822
345 459
345 628
345 992
346 351
346 607
346 809
347 485
347 674
347 720
347 885
348 383
348 496
348 656
348 948
349 547
349 925
349 938
350 584
350 606
350 629
350 898
351 395
351 469
351 495
351 672
351 717
351 976
351 996
353 434
353 442
353 700
354 658
354 761
354 974
355 811
355 988
356 452
356 489
356 776
356 840
357 359
357 493
357 707
357 783
357 923
358 474
358 730
359 476
359 519
359 553
359 632
360 378
360 528
360 568
360 791
360 860
362 597
362 773
363 522
363 817
363 945
364 436
364 494
364 583
364 614
364 615
364 959
364 970
365 548
365 595
365 600
366 381
366 766
366 779
366 896
367 407
367 486
367 505
367 550
367 616
367 783
367 788
367 838
367 869
367 918
368 385
368 404
368 414
368 437
368 599
368 626
368 698
368 975
369 454
369 475
370 436
372 411
372 599
372 784
373 467
375 601
375 871
376 405
376 877
377 457
377 462
377 715
377 918
377 940
379 380
379 426
379 500
379 879
380 419
380 483
380 640
380 762
380 787
380 860
381 515
381 628
381 713
382 596
382 702
382 802
382 823
382 856
382 956
383 415
383 468
383 767
383 835
384 595
384 601
384 820
384 827
384 897
384 963
385 433
385 455
385 619
385 813
385 839
385 991
386 789
387 578
387 581
387 599
387 610
387 849
387 892
388 596
389 610
391 567
391 684
391 942
392 405
392 843
393 421
393 580
393 627
393 904
394 532
394 574
394 633
394 658
394 673
394 681
394 754
394 973
395 541
395 732
396 512
396 580
396 640
397 453
397 468
397 487
397 510
397 645
398 655
398 739
399 419
399 509
399 528
399 695
399 772
401 953
402 597
402 797
403 591
403 634
403 668
403 985
404 614
405 666
406 697
406 908
406 986
407 637
408 905
409 605
409 660
410 450
410 610
411 658
411 999
412 420
412 453
412 511
412 929
412 981
412 999
413 506
413 507
413 572
413 740
416 926
417 621
417 679
417 795
417 975
418 420
418 644
418 662
418 784
418 838
419 491
419 509
419 577
419 635
419 724
419 884
420 476
420 555
420 659
420 661
420 760
421 539
421 671
421 820
422 477
422 500
422 644
422 681
422 906
422 953
423 470
423 661
423 762
424 732
424 792
424 842
424 865
424 869
424 875
424 971
425 538
425 566
425 949
426 513
426 592
426 939
427 566
428 615
430 478
431 514
431 546
431 629
431 693
432 653
432 853
433 792
433 798
434 530
434 543
434 633
434 713
434 770
435 493
435 680
435 725
436 492
436 531
436 552
436 578
436 595
436 625
436 710
436 727
436 978
437 489
437 523
437 814
437 878
438 892
439 525
440 460
440 677
440 726
441 524
441 802
442 616
442 916
444 460
444 533
444 780
444 871
445 447
445 803
445 990
446 538
446 636
446 791
446 819
447 555
447 651
448 535
448 580
448 825
448 989
449 495
449 664
449 844
449 954
449 967
451 546
451 616
451 684
451 782
451 927
452 549
452 552
452 793
452 876
453 774
453 787
453 817
454 575
455 482
455 624
455 947
456 735
456 969
457 642
457 669
457 712
458 549
458 708
459 503
459 535
459 563
459 779
460 461
460 847
460 854
461 603
462 581
462 813
462 985
463 470
463 564
463 687
463 720
463 774
463 951
464 544
464 757
464 817
464 855
464 872
464 909
466 497
466 879
466 901
467 611
467 667
468 620
469 589
469 600
469 644
469 799
470 568
470 895
472 523
472 698
472 753
472 760
472 984
473 510
473 897
474 690
475 796
475 864
476 513
476 938
477 492
480 498
481 502
481 526
481 678
481 679
481 852
481 915
482 575
482 870
482 950
483 810
483 916
484 617
484 960
485 679
485 694
485 903
486 503
486 658
486 660
487 513
487 569
487 830
487 857
488 520
488 569
488 801
489 553
489 612
489 674
489 758
489 974
490 998
491 794
491 886
492 545
492 662
492 952
493 508
493 654
493 957
494 617
495 648
495 655
495 977
496 713
497 566
497 625
497 758
498 637
498 914
499 643
499 722
499 730
500 552
500 573
500 954
501 786
501 853
501 903
501 918
501 969
502 610
502 618
504 539
504 764
505 539
505 699
505 749
505 849
505 857
506 548
506 562
506 619
506 642
506 733
506 759
506 986
507 629
507 638
507 676
507 955
509 695
509 782
509 906
509 984
510 606
511 590
511 605
511 872
512 525
513 750
514 559
514 571
514 858
515 768
515 961
515 994
516 983
517 773
519 581
519 646
519 742
522 699
522 716
523 826
524 585
525 599
525 639
525 798
525 942
526 901
527 579
527 618
527 651
528 932
528 962
529 574
531 544
532 678
532 829
533 543
533 632
533 741
533 861
533 919
534 588
534 990
535 813
536 965
538 574
538 612
539 714
540 593
542 859
543 604
543 687
543 795
544 574
544 604
544 866
545 900
547 583
547 832
547 993
548 832
548 961
548 994
549 558
549 573
549 871
551 623
551 718
551 807
551 822
552 736
552 856
553 978
554 592
554 677
554 918
555 983
556 690
556 903
558 566
559 705
559 735
559 810
561 737
561 794
562 693
562 739
562 826
563 757
564 690
565 765
566 614
566 694
566 930
568 704
568 738
569 636
569 825
569 828
570 657
570 799
571 719
572 910
573 840
573 910
574 929
575 789
576 967
577 648
577 759
578 655
578 734
579 735
580 696
580 723
582 708
582 727
582 864
582 866
582 880
583 695
583 873
585 802
586 755
586 925
588 995
589 952
591 755
592 815
593 863
594 705
596 878
597 925
597 931
598 653
599 781
601 668
602 741
602 771
602 842
602 933
602 990
603 606
603 919
603 930
604 686
606 711
607 806
608 633
608 838
610 964
611 622
611 688
613 875
614 632
614 697
616 637
617 816
617 870
618 817
619 725
619 759
619 776
620 704
620 864
620 883
621 780
621 784
621 849
621 922
622 728
622 828
622 894
624 687
625 846
627 811
629 696
629 801
629 933
630 778
630 812
630 976
631 672
631 868
631 980
632 898
633 724
633 989
634 643
634 745
635 943
636 883
636 956
638 650
638 671
638 673
638 891
638 898
639 709
639 763
639 878
639 908
639 964
640 765
640 821
640 838
641 765
641 793
642 951
643 858
643 861
644 778
644 969
648 822
648 869
648 877
648 881
649 937
650 947
651 912
652 807
652 973
654 705
654 732
654 796
654 872
654 891
654 904
655 743
655 766
656 760
656 794
657 665
657 704
658 936
659 725
662 887
662 962
666 691
668 681
668 737
668 793
670 823
671 691
671 858
671 925
672 733
672 943
672 948
672 954
673 683
673 821
675 948
676 961
677 722
677 923
678 836
681 804
681 881
681 910
681 975
681 985
682 984
684 989
688 799
688 944
689 948
690 767
690 979
692 841
695 736
696 917
700 911
701 770
701 829
703 784
707 730
708 851
708 900
710 995
713 851
715 779
715 965
716 977
717 897
717 902
719 837
720 815
720 881
722 733
722 753
722 970
723 740
723 934
724 752
727 903
729 889
729 896
730 966
731 842
732 837
733 791
733 876
734 868
734 987
737 799
737 940
740 769
744 863
745 815
747 870
748 770
748 860
748 980
750 791
751 968
752 877
752 925
752 991
756 800
757 883
759 922
760 804
762 892
766 854
766 898
766 992
767 914
767 977
769 935
771 958
775 993
776 935
778 787
780 942
781 981
784 797
787 798
789 934
789 975
794 928
799 915
802 890
804 899
805 824
807 843
809 993
814 845
814 969
817 934
818 846
819 870
820 922
821 829
825 885
837 861
837 924
842 979
844 845
845 953
846 921
848 977
849 927
850 981
855 871
856 896
857 877
857 921
857 988
860 929
860 966
865 879
865 951
865 995
868 916
871 944
873 937
875 965
878 978
881 952
886 938
888 957
889 919
895 936
900 944
900 981
908 979
913 980
919 996
926 961
937 992
940 941
951 971
951 986
952 986
970 999
986 994
994 995
