103 89
89 336
89 1202
28 711
28 20
28 1224
28 271
28 273
28 992
28 1096
28 590
28 740
28 926
28 334
28 424
28 38
28 1058
28 45
28 112
28 35
28 34
28 721
711 807
9 29
9 1192
9 423
9 343
9 746
9 26
9 838
9 414
9 158
29 260
29 794
29 30
29 30
29 30
29 30
29 762
29 33
29 33
29 33
29 508
29 329
29 518
29 539
29 795
29 1106
29 1435
29 0
29 948
29 431
29 431
29 819
29 620
29 315
29 715
29 533
29 509
29 1415
29 989
29 273
29 1274
29 802
29 402
29 283
29 837
29 1066
29 1043
29 226
29 1249
29 1002
29 623
29 10
29 636
29 523
685 149
149 30
149 6
949 1010
949 1065
949 1375
949 539
949 559
949 1024
949 0
949 729
949 560
972 431
972 855
431 1
431 196
431 196
431 14
431 382
431 30
431 915
431 958
431 872
1438 875
1438 1214
1438 0
1438 1381
1438 1239
1438 1003
1438 1408
875 1278
577 1113
1113 279
620 279
620 432
620 0
620 30
620 245
620 552
279 1074
279 120
279 1152
279 1152
279 1281
279 106
279 245
279 531
279 164
279 198
279 30
279 185
279 311
279 1041
279 832
279 171
279 1117
317 796
140 281
140 1363
140 234
140 1084
619 329
619 273
619 436
329 77
329 264
329 1369
329 394
1207 1428
1428 271
1428 1333
170 278
170 344
170 1445
170 416
635 1063
635 11
635 565
1063 487
1063 1152
1063 34
1063 369
1063 30
1063 92
1063 362
1063 774
14 776
14 171
14 1242
269 823
269 32
269 32
269 33
269 59
269 72
269 35
269 35
269 1077
269 0
269 469
269 1053
269 326
269 19
269 1158
269 1116
269 755
269 567
1321 394
1321 856
394 1019
394 1301
394 439
980 112
112 93
112 1420
112 0
112 7
112 24
112 167
112 1067
112 751
112 536
112 8
166 1034
166 1013
166 35
166 189
1034 410
13 442
13 76
13 30
13 30
13 141
13 726
13 911
442 162
442 861
442 221
442 578
442 474
442 187
442 251
442 558
1160 687
808 879
808 33
808 1297
594 34
594 1060
34 665
34 0
34 606
34 335
34 1066
34 6
34 1266
34 159
34 78
34 253
34 37
34 622
34 413
34 1096
34 1349
34 33
34 33
34 1231
34 837
34 271
34 271
34 1026
34 232
34 58
34 507
34 139
34 176
34 805
34 971
34 1089
34 500
34 68
34 404
34 200
34 828
34 381
34 234
34 1102
34 422
34 259
34 1192
34 32
34 143
34 1204
34 957
34 71
34 528
34 454
34 667
34 1124
34 55
34 1016
34 67
34 1196
34 655
34 485
34 368
34 274
34 1055
34 612
34 881
34 1285
34 908
34 51
34 171
34 734
34 136
34 30
34 30
34 1
34 1197
536 766
536 424
536 30
536 1350
160 1066
1066 575
1066 1396
1066 1073
1066 1329
1066 1142
1230 45
45 259
1008 841
841 1003
841 419
841 857
841 1433
841 424
942 475
286 768
1374 862
1374 364
538 668
538 1206
538 935
668 1127
929 712
712 334
712 910
712 467
712 308
712 592
164 921
164 210
164 197
164 30
164 30
164 804
164 714
164 1319
164 72
164 688
164 1153
921 388
32 169
32 411
32 411
32 539
32 428
32 1401
32 852
32 60
32 1313
32 1439
32 173
32 414
32 662
32 1191
32 380
32 1440
32 1445
32 1177
32 396
32 1122
32 1083
32 72
32 483
32 1402
32 974
32 1365
32 1235
32 1148
32 435
32 613
32 65
32 1104
32 289
32 867
32 30
32 871
1253 1367
354 864
354 316
354 1356
354 49
354 1268
623 438
623 33
438 1049
1003 1423
1003 1277
533 720
533 413
533 30
533 592
533 1152
533 1079
533 47
533 424
720 180
720 26
720 341
665 1017
400 780
780 996
416 491
416 30
416 59
416 171
416 1343
491 162
491 554
543 259
259 618
569 1027
569 989
569 61
569 907
569 1084
569 1125
569 210
569 902
632 101
632 986
101 351
101 728
1062 615
1062 961
1062 1306
1062 1327
615 1185
1189 359
359 1191
678 765
765 7
765 33
765 1243
1075 1126
1075 1036
1075 1429
1192 451
1192 612
964 271
964 133
271 1377
271 759
271 252
271 564
271 670
271 213
271 1155
271 210
271 600
271 424
271 426
271 509
271 271
271 169
18 750
18 627
18 35
18 360
750 1040
624 33
624 682
33 890
33 1080
33 1219
33 527
33 975
33 1308
33 877
33 1187
33 509
33 1152
33 1419
33 374
33 758
33 956
33 440
33 1198
33 564
33 1088
33 1015
33 1264
33 532
33 1055
33 105
33 228
33 1447
33 412
33 365
33 365
33 805
33 704
33 683
33 772
33 887
33 30
33 988
33 681
1377 196
755 1345
755 104
755 833
1345 553
1345 63
1060 1289
1060 30
1060 148
30 82
30 66
30 66
30 1326
30 592
30 592
30 4
30 930
30 222
30 1222
30 1344
30 789
30 1082
30 793
30 171
30 171
30 752
30 904
30 417
30 309
30 54
30 547
30 1152
30 1152
30 1247
30 0
30 0
30 1153
30 993
30 604
30 115
30 11
30 1243
30 502
30 5
30 611
30 960
30 1317
30 658
30 154
30 1290
30 769
30 741
30 1073
30 1035
30 395
30 212
30 123
30 88
30 1212
30 35
30 35
30 35
30 348
30 31
30 31
30 1411
30 334
30 428
30 414
30 414
30 351
30 937
30 245
30 787
30 210
30 51
30 412
30 954
30 938
30 1077
30 42
30 840
30 580
30 147
30 333
30 747
30 990
30 411
30 21
30 202
30 262
30 829
30 134
30 1359
30 801
30 328
30 627
30 84
30 1237
1266 1448
1266 417
1266 490
859 458
458 797
169 877
169 705
169 484
360 26
26 897
26 228
26 617
268 155
155 605
618 692
618 1320
1080 1271
1080 1121
1080 340
162 1251
162 1144
162 501
162 330
572 238
926 617
926 205
617 1096
617 1210
617 340
414 1152
414 1152
414 293
1152 410
1152 1259
1152 547
1152 866
1152 372
1152 1261
1152 1190
1152 404
1152 1211
1152 353
1152 1095
1152 607
1152 221
1152 565
1152 444
1152 1191
1152 917
1152 824
1152 529
1152 79
1152 832
1152 369
1152 251
1152 1298
1152 1299
1152 1145
1152 793
1152 8
1152 467
1152 62
1152 132
1152 152
1152 2
1152 666
1152 1429
570 11
570 930
570 1399
570 52
570 159
11 19
11 514
11 1316
0 1258
0 426
0 762
0 311
0 513
0 523
0 852
0 1443
0 337
0 228
0 330
0 352
0 393
0 822
0 794
0 1043
0 452
0 575
0 769
344 815
344 481
344 410
344 1245
1167 719
1167 1426
1167 158
1167 296
1167 523
719 524
719 821
719 517
1413 35
35 740
35 283
35 738
35 266
35 1101
35 669
35 1018
35 869
35 509
35 551
35 204
35 35
35 856
35 287
35 969
35 596
35 739
35 236
35 428
35 901
35 1404
35 1314
35 931
35 579
740 176
419 548
419 516
419 1099
1070 1
1070 234
1 421
1 154
1 1391
1 145
1 255
1407 521
885 37
37 474
37 737
37 597
1422 326
326 851
326 242
326 693
326 698
326 8
326 1271
326 151
606 42
606 437
606 1318
606 465
606 504
606 158
606 978
606 470
906 1079
1079 1139
1079 1028
1079 708
794 1217
288 1191
1191 1205
1191 598
59 924
1138 640
803 58
58 600
58 809
1326 1116
1030 1069
1446 336
336 413
336 365
127 1100
127 515
1100 430
592 425
592 966
636 12
636 525
636 1118
636 1193
12 1195
12 1131
12 1336
210 912
4 873
4 188
4 234
4 135
404 95
404 367
404 456
404 1170
404 209
404 545
404 172
404 168
95 799
1366 512
512 69
512 1169
512 1031
1181 171
1181 911
171 1424
171 1165
171 121
171 94
171 411
171 760
171 1056
171 330
171 526
171 564
171 1346
171 613
171 405
171 229
171 425
171 630
171 730
171 440
171 20
171 468
171 830
250 575
250 911
575 1108
575 46
575 443
575 175
23 1389
23 1384
283 532
283 5
283 156
508 688
508 609
335 1312
222 1257
222 1064
222 675
343 987
343 345
343 245
20 313
20 616
20 381
20 1180
405 1337
405 939
405 914
1337 977
524 587
790 415
415 886
415 388
415 424
415 415
1185 391
1185 843
391 1314
391 411
391 865
391 117
848 1077
8 631
8 257
8 1439
631 280
267 1379
1379 447
1379 756
818 778
818 582
410 714
410 1296
410 1174
410 247
1224 753
1224 983
273 772
273 240
273 290
273 448
273 1258
273 1114
273 1243
3 831
3 989
3 53
3 965
835 243
835 390
243 339
527 51
242 950
93 245
815 646
646 845
646 1017
306 146
306 246
69 878
464 981
981 455
1234 315
315 418
315 310
315 211
481 377
481 440
377 894
377 996
548 1074
548 520
364 342
364 54
364 834
342 1064
342 1328
342 1361
181 806
564 812
564 903
564 1412
547 1065
547 1172
547 50
547 362
547 1064
547 1015
547 951
547 218
547 202
547 995
547 249
547 834
547 320
898 6
6 1314
6 549
6 703
866 393
866 659
674 62
62 460
62 541
62 261
62 1061
189 870
189 214
870 330
1380 568
568 412
568 159
25 412
25 411
412 893
412 334
412 434
412 132
412 713
350 158
350 1383
350 839
158 426
158 850
158 1096
529 745
411 1400
411 1352
411 1076
411 849
817 671
817 440
860 389
389 307
413 265
413 1011
413 424
413 650
463 1163
463 440
463 1233
31 1418
31 1175
31 1186
31 1225
262 397
262 883
262 744
262 807
262 244
27 63
27 1038
27 1110
27 1039
27 1173
27 356
63 370
1397 936
936 1406
1166 585
1223 661
661 240
78 826
78 432
1136 272
272 1187
50 418
50 376
591 86
86 70
86 1012
793 581
793 1386
566 1064
566 814
566 161
7 522
7 676
7 651
7 474
522 588
854 65
854 686
65 1142
65 478
752 625
1314 1202
581 744
791 535
851 426
1421 1099
196 331
196 556
196 1232
196 734
196 1093
1055 430
1055 303
1055 241
430 1235
430 91
832 940
832 626
832 98
832 434
832 1059
137 1390
137 5
137 629
432 489
432 427
1165 611
602 516
516 1018
334 733
334 1134
334 560
539 80
539 1262
539 825
539 800
408 319
428 621
70 74
70 70
714 1263
714 1097
303 985
303 382
559 545
545 1443
545 436
545 603
515 744
515 1150
744 1128
744 1057
744 92
1052 142
142 440
909 48
909 754
417 724
426 542
426 15
426 441
426 206
426 1188
426 1115
328 245
328 1425
245 1006
245 254
779 968
779 1236
353 1128
353 858
353 1133
353 1031
323 1439
323 694
323 1317
1439 770
1128 331
120 494
1341 1336
622 1409
622 207
1096 474
474 637
474 557
121 1429
121 911
22 123
22 995
22 19
123 61
179 1120
1120 505
311 836
1445 1395
1445 429
1141 1269
1141 1357
777 857
857 1015
857 251
857 642
61 1378
61 98
513 1090
574 742
837 388
388 1387
388 555
388 787
388 758
19 507
19 1032
507 56
42 853
843 756
756 233
1009 362
1015 812
1015 952
94 1200
1149 1427
251 485
251 1184
251 1254
251 1095
251 1278
995 270
1000 480
1000 932
1038 1202
701 330
330 97
330 1276
330 514
330 190
330 1378
330 598
330 406
330 1017
696 351
696 888
351 1354
351 424
351 648
351 138
911 205
911 534
911 1333
517 1241
517 1061
1241 1228
609 1012
587 1094
989 371
44 707
234 1277
234 117
234 1007
557 1398
557 17
557 923
557 544
557 1119
1172 560
518 889
1095 113
182 552
182 523
552 1045
552 1368
374 369
369 173
1157 567
1157 440
1157 1270
567 403
1178 847
60 73
60 437
338 863
541 105
541 1023
1231 1186
221 629
221 1442
221 40
845 991
991 1416
1059 466
457 113
113 1147
113 439
113 191
757 183
440 427
440 827
440 1085
440 1360
440 1309
440 641
967 348
348 10
348 1243
264 383
264 1333
264 713
383 67
383 785
1288 584
1429 1045
1443 109
810 679
217 1431
1431 1171
131 689
1183 384
384 1151
384 1072
858 1355
1076 673
1076 608
1076 118
725 125
209 15
1202 774
1202 882
1202 520
774 718
774 1111
96 1335
1335 1315
677 448
1370 110
110 16
110 604
1193 1220
1193 1283
1193 1162
1193 371
1093 130
1093 482
1244 227
1164 511
511 694
959 1332
141 928
228 97
485 706
485 927
485 514
485 811
1129 914
914 136
1073 295
1114 1305
1114 237
1305 129
816 1029
24 970
970 219
1050 108
483 963
177 299
299 21
497 128
1243 67
1243 1013
67 722
445 1260
1442 621
1442 85
1442 654
621 392
916 586
586 331
586 953
910 781
910 153
910 378
880 996
996 723
194 1131
1331 625
763 305
763 215
542 83
842 710
694 1161
1333 634
1333 332
387 225
387 200
387 1203
223 1216
223 489
17 436
17 891
17 1238
436 1078
553 1140
555 300
555 132
555 498
555 1248
300 433
424 1403
424 582
424 461
424 920
424 489
424 628
424 1272
424 21
424 285
1046 715
715 680
1110 132
192 595
1112 98
1112 633
439 1125
427 324
298 224
1132 241
1132 479
241 647
850 1085
850 36
1085 1201
1085 1302
1375 782
5 1130
5 270
1317 379
660 741
107 126
173 1044
173 1081
1089 1168
1089 1018
1089 318
449 346
449 731
449 399
346 382
346 477
346 917
579 153
579 2
579 856
771 941
571 839
571 583
270 352
270 997
270 944
270 1292
270 736
270 102
270 116
352 150
352 294
352 1342
611 114
523 341
523 208
523 106
523 486
523 55
1348 822
1441 1294
151 1364
151 937
1233 1209
1209 540
722 1410
16 947
106 263
106 1137
382 573
1347 1171
355 71
237 1385
237 292
736 1176
736 230
1339 702
838 258
758 462
1084 450
1084 1444
450 649
38 614
187 1284
256 1017
1087 1221
165 46
46 1351
1102 1262
1417 664
664 743
663 1449
167 560
167 943
560 1264
1071 867
955 435
955 554
435 1334
435 1330
610 979
610 203
331 312
99 695
939 184
90 477
844 550
550 868
550 1068
327 453
453 488
626 358
493 764
977 546
77 349
1182 1081
1081 111
1081 1042
1081 934
385 195
1267 282
80 1353
556 1310
556 709
341 257
526 748
371 284
1035 1032
53 276
984 735
1146 973
505 392
208 785
208 1240
856 81
1371 248
969 1246
446 1392
472 613
409 277
1201 1256
834 913
1227 732
1159 884
10 709
10 798
1282 589
589 119
672 220
1103 301
869 172
869 1004
429 716
429 1340
43 657
918 459
540 314
1013 603
1279 124
370 504
988 1156
235 361
361 2
531 1109
1122 563
1122 231
473 144
144 1372
318 630
318 699
962 379
425 697
312 1293
641 1322
690 713
690 775
994 138
537 347
638 1143
1436 1360
322 1229
792 510
792 874
528 321
1208 1393
111 998
91 519
482 933
902 1179
147 1434
976 1300
520 530
530 1273
504 1303
489 874
874 1037
946 1005
612 900
1051 922
122 471
122 653
907 1304
345 749
443 291
825 554
783 895
783 1382
784 684
275 186
1373 1105
375 1213
1330 1020
1098 52
174 1021
645 727
727 386
1343 135
820 1291
1328 1311
773 691
562 216
503 1295
1414 100
718 1037
718 1218
1194 1123
1173 1092
999 846
944 178
297 1265
593 1287
1116 1025
156 767
1107 157
157 639
157 41
420 656
304 1394
1299 705
1325 75
357 576
982 644
64 925
652 1388
1432 813
1323 1044
1033 1252
1033 373
1376 134
254 1430
254 1135
1430 1199
905 199
1226 1047
1022 1437
1154 366
1036 561
717 495
152 484
892 476
1086 1250
49 1307
340 700
786 1001
1001 178
1001 1054
163 643
599 761
734 496
628 1280
1041 1218
1329 708
945 899
1048 1215
1338 325
401 201
302 499
1004 1358
1275 39
1255 1324
506 1362
239 363
1286 919
1014 398
798 1405
193 896
876 601
492 788
1091 87
57 407
