20 143
20 50
20 321
20 1260
20 85
20 1296
20 93
20 297
20 1711
20 1322
20 1380
20 1350
20 1574
20 508
20 142
143 265
143 1334
143 1221
143 206
143 108
143 682
9 1139
9 283
9 439
9 1324
9 1257
9 435
9 192
9 1301
9 137
9 1276
9 1121
9 393
9 503
9 214
9 1223
9 1485
9 34
9 1250
9 420
9 895
9 421
9 746
9 47
9 1310
9 422
9 413
9 1009
9 252
9 1170
9 363
9 127
9 490
9 1398
9 536
9 129
9 1580
9 72
9 467
1139 172
1139 668
1139 398
1139 1345
1139 1166
1139 1008
1139 841
1139 719
412 581
412 409
412 72
412 384
412 1295
412 869
412 916
412 523
412 398
412 1172
412 508
412 1453
412 223
412 1272
412 382
412 115
412 23
581 284
581 507
581 47
581 851
471 1619
471 651
471 649
471 13
1364 596
1364 1142
1364 494
1364 1480
596 1219
596 903
596 764
596 1413
596 212
596 337
596 105
596 421
596 1569
596 1211
596 754
596 435
596 410
596 110
596 760
596 853
23 316
23 1265
23 468
23 1023
23 422
23 1161
23 1228
23 1113
23 1143
23 1071
23 1490
23 911
23 1487
23 557
23 187
23 145
23 1196
23 1207
23 1555
23 510
23 1103
23 383
316 1588
400 1543
400 186
400 396
400 193
400 1250
400 382
400 382
400 92
400 597
400 1225
400 538
400 1230
400 378
400 322
400 1380
400 467
400 1226
400 1178
400 1296
400 212
400 451
400 210
400 474
400 1283
400 85
400 183
400 1305
400 740
1543 410
57 539
57 297
57 7
57 1239
57 369
57 0
539 1631
539 1301
539 715
539 1305
539 47
539 1691
539 421
7 1466
7 1103
7 200
7 729
7 1217
7 145
7 1690
7 1483
7 1332
7 1340
7 286
7 1222
7 1132
7 86
7 409
7 1604
7 1490
7 1236
7 726
7 1115
7 422
7 1313
7 537
7 1567
7 598
7 387
1466 805
597 614
597 767
597 407
597 398
597 1477
597 32
597 208
597 933
597 1537
597 227
597 1229
597 440
597 47
614 209
614 882
24 605
24 1462
24 173
24 1116
24 1445
24 525
24 285
24 1277
24 528
24 188
24 1515
24 421
24 1610
105 452
105 351
105 473
105 207
105 407
105 407
105 407
105 414
105 1011
105 923
105 1201
105 396
105 343
105 1300
105 128
105 1664
105 1060
105 1134
105 603
105 1493
105 345
105 582
105 209
105 350
105 1606
105 1247
105 1479
105 1031
105 595
105 283
105 601
105 730
105 648
105 600
105 483
105 72
105 1244
105 1305
105 83
452 996
452 1589
452 420
452 29
452 502
452 1702
452 1410
452 1676
452 406
452 1126
452 242
1022 211
1022 1561
1022 52
211 545
211 28
211 1564
211 1445
211 977
211 434
211 422
211 409
211 1065
92 1073
92 382
92 1080
92 10
92 474
92 406
92 509
92 1479
92 1198
1073 1195
1073 421
1073 107
1073 893
980 13
980 1134
13 59
13 853
13 708
13 49
13 1228
13 483
13 1048
13 473
13 419
13 113
13 405
13 599
13 1514
13 1064
13 388
13 898
13 507
13 283
13 1057
13 1483
13 78
490 536
490 472
490 686
490 362
490 114
490 328
490 1241
536 336
536 5
536 290
536 1080
1226 95
1226 1438
1226 1668
1226 286
1226 1247
1226 475
1226 1191
1226 421
1226 1483
1226 941
95 432
95 329
95 352
1040 204
204 790
204 186
204 872
204 881
204 1548
204 159
204 651
204 1060
397 475
397 1032
397 1297
397 420
397 1553
397 49
397 34
397 18
397 102
397 1480
397 434
397 1206
397 932
397 1490
397 1508
397 191
397 1295
397 726
397 976
397 353
397 1219
475 982
475 1541
475 1232
475 1437
475 1176
475 455
475 40
475 17
475 185
475 836
475 382
475 142
323 382
323 175
323 186
323 208
323 1199
323 467
323 1310
323 343
323 411
323 266
323 430
382 165
382 402
382 297
382 454
382 1287
382 1087
382 189
382 388
382 1221
382 1492
382 1175
382 1560
382 451
382 451
382 1301
382 1301
382 387
382 1238
382 80
382 354
382 739
382 1080
382 1308
382 1160
382 1248
382 1692
382 1232
382 1228
382 406
382 707
382 1585
382 599
382 215
382 148
382 185
382 1703
382 1302
382 1201
382 1432
382 512
382 1630
382 474
382 474
382 1455
382 1012
382 209
382 1424
382 1636
382 775
382 393
382 212
382 1549
382 47
382 3
382 780
382 420
382 59
382 292
382 411
382 617
382 832
382 14
382 170
382 391
382 272
398 613
398 181
398 215
398 32
398 63
398 393
398 507
398 284
398 398
398 1283
398 99
398 1003
398 524
398 893
398 1077
613 1311
613 1080
17 48
17 152
17 56
17 1522
17 1590
17 416
17 421
17 378
17 387
17 439
17 1239
17 1055
17 79
48 1247
48 339
48 511
48 1566
48 3
48 273
48 1241
48 551
48 362
107 1439
107 1245
107 166
107 579
107 291
107 1519
107 16
107 16
107 191
107 745
107 552
107 474
107 1483
107 617
107 1260
107 795
107 434
107 1248
107 729
107 1358
107 1179
107 407
107 1121
107 1250
107 164
107 1453
107 713
1439 384
1439 1082
187 410
187 1445
187 545
187 166
187 396
187 283
187 534
187 515
187 69
187 26
410 944
410 1577
410 343
410 36
410 491
410 71
410 558
410 53
410 413
410 1025
410 1078
410 170
410 1129
410 1379
410 362
410 356
410 336
410 1247
410 306
410 1301
410 718
410 1222
410 473
410 554
410 420
410 292
410 38
410 1256
410 1029
114 739
114 331
739 321
739 133
739 1446
739 1408
739 387
739 407
739 1106
739 58
739 1239
739 1247
1586 717
1586 1509
717 853
717 21
717 72
717 283
717 16
717 1002
717 1501
717 1551
717 62
1239 947
1239 146
1239 933
1239 356
1239 1141
1239 1105
1239 1641
1239 1571
1239 22
1239 713
1239 182
1239 858
1239 1237
1239 1621
1239 1199
1239 1218
1239 258
947 313
947 1487
46 1206
46 1220
46 258
46 1123
46 1422
46 1303
46 671
46 16
46 670
46 63
46 408
46 1134
1206 98
1206 1305
1206 1339
1206 451
1206 1250
1206 601
1206 299
1206 215
1206 1412
1206 293
1206 420
1206 420
1206 1567
1206 865
1206 352
1206 1456
1206 713
1206 1225
1206 1218
1206 534
1103 1455
1103 715
1103 124
1103 534
1103 1480
1103 1480
1103 518
122 1446
122 713
122 210
122 294
122 1301
122 421
122 1308
122 1546
122 359
1446 1561
1446 383
1446 600
1446 1393
258 167
258 348
258 1594
258 362
258 1597
258 407
258 189
258 96
258 1704
258 950
258 414
258 1480
258 1307
258 507
258 308
258 21
258 361
258 604
167 1566
167 600
167 1221
167 1250
167 713
167 344
167 47
1072 1488
1072 233
1072 1237
1072 186
1072 1247
1488 332
1488 1250
1488 411
1488 480
409 1215
409 774
409 1463
409 1216
409 285
409 155
409 1123
409 306
409 1133
409 1305
409 1199
409 140
409 1018
409 34
409 36
409 685
409 464
409 592
409 1311
409 1552
409 1477
409 1642
409 889
58 1247
58 478
58 1084
58 601
58 1653
58 16
58 1004
58 406
58 1162
1247 615
1247 157
1247 27
1247 1306
1247 759
1247 600
1247 150
1247 997
1247 715
1247 1081
1247 1703
1247 1670
1247 195
1247 1332
1247 51
1247 952
1247 391
1247 842
1247 1016
1247 1185
1247 892
1247 1280
1247 628
1247 521
615 1574
615 1521
615 127
1395 1079
1395 1225
1395 1111
1395 131
1395 853
1079 935
1079 727
1079 899
1079 1106
1079 1483
1079 1427
34 598
34 553
34 856
34 943
34 283
34 29
34 709
34 1378
34 215
34 1362
34 494
34 32
34 1557
34 1366
34 195
34 108
34 18
34 64
34 1064
34 82
34 1615
34 385
34 417
34 1558
34 16
34 477
34 54
34 482
34 1234
34 512
34 479
34 1325
34 882
34 853
34 1163
34 1633
34 102
598 703
598 16
598 1041
598 47
598 687
598 574
598 1201
598 584
479 89
479 1370
479 599
479 1489
479 1695
479 1167
479 362
89 1222
527 1583
527 47
527 383
1583 1270
1583 138
72 817
72 1492
72 1122
72 600
72 1064
72 1444
72 1082
72 225
72 311
72 1098
72 1098
72 422
72 209
72 49
72 983
72 334
72 62
72 1259
72 709
72 1167
72 47
72 202
72 387
72 36
72 1381
1064 994
1064 1436
1064 1297
1064 600
1064 1280
1064 340
1064 26
1064 47
1064 411
1064 209
1064 635
1064 240
1064 11
1064 719
1064 1267
1064 478
1064 474
1064 514
1064 321
1064 883
994 1388
994 1163
994 191
994 470
978 385
978 1565
978 1075
385 324
385 1519
385 922
385 64
385 284
385 1568
385 1222
385 1164
385 796
385 53
385 119
385 1205
385 142
152 714
718 749
718 1479
309 1562
309 1162
1562 332
1562 136
1562 1305
1562 290
1562 64
1562 1231
11 306
11 1220
11 1447
11 600
11 383
11 1614
11 1482
11 123
11 250
11 451
306 168
306 1696
306 714
306 343
306 1060
306 1106
306 47
1245 870
1245 714
1245 1560
1245 932
1245 1502
1245 4
1245 439
1250 1228
1250 714
1250 1319
1250 451
1250 504
1250 183
1250 518
1250 393
1250 209
1250 1428
1250 1705
1250 406
1250 340
1250 1294
1250 835
1250 336
1250 1302
1228 768
1228 1162
1228 580
1228 1520
1228 362
1228 1142
1228 408
1228 213
1228 53
1215 383
1215 134
1215 1651
1215 979
1215 1445
1215 554
1215 999
1215 287
1215 423
1534 1163
545 292
545 350
295 82
82 1306
82 510
82 542
82 1
553 625
553 1161
553 47
553 1281
406 1229
406 636
406 338
406 726
406 408
406 328
406 130
406 413
406 1712
406 1646
406 420
406 76
406 1659
406 1493
406 699
406 439
406 104
406 350
406 908
406 519
406 414
406 59
406 1234
406 1031
406 262
406 733
406 1237
406 94
406 1305
406 1218
406 1434
406 1311
406 607
406 36
1229 357
1229 407
1229 1544
1229 467
98 1450
1060 1092
1092 1303
1092 1317
1092 551
1092 87
1092 396
1092 416
209 224
209 943
209 1181
209 269
209 47
209 756
209 362
209 357
209 322
209 185
209 1525
209 166
209 292
209 1033
252 280
280 1281
280 1529
280 1443
280 1483
280 977
280 1138
292 1233
292 722
292 1492
292 1554
292 12
292 10
292 1396
292 1152
292 16
292 172
292 4
292 1223
292 416
1233 185
1479 308
1479 94
1479 1655
1479 176
1479 1084
1479 563
1479 713
1479 477
308 30
308 196
308 369
308 511
816 544
544 1294
544 1106
544 259
544 1222
886 1681
133 186
186 329
186 503
186 311
186 1420
186 1194
186 304
186 1365
186 1338
186 1528
168 329
168 278
168 768
168 758
168 1248
168 569
329 508
329 467
329 140
329 1094
329 1419
329 49
329 1241
329 210
120 876
120 1237
120 422
820 1481
1481 1612
1481 1595
1481 1244
1481 183
1481 1223
1481 696
1481 1352
1481 1457
1481 188
1481 148
1481 1153
1481 871
1481 86
413 448
413 285
413 285
413 419
413 1303
413 62
413 411
413 442
413 420
413 350
413 328
413 214
413 646
413 547
413 387
413 986
413 1190
413 858
413 1563
448 213
448 391
448 984
448 1225
448 651
448 178
448 1339
448 407
185 686
185 500
185 895
185 1232
185 1307
185 195
686 572
686 847
1219 1076
1219 1241
1219 63
1219 1144
1219 388
1202 1305
1202 1301
1202 236
1202 383
1202 1445
1202 1306
1202 1378
1202 138
1305 759
1305 1249
1305 407
1305 1084
1305 314
1305 977
1305 1173
1305 1227
1305 508
1305 396
1305 827
1305 1134
1305 1134
1305 414
1305 1480
1305 747
1305 1647
1305 705
1305 650
1305 650
1305 1381
1305 734
1305 361
1305 165
1485 1207
1207 651
1207 1232
1207 1296
1207 111
1207 165
1207 407
1207 420
1207 1561
297 37
297 170
297 735
297 1009
297 1238
297 1513
297 421
297 799
297 474
37 1306
37 1046
37 1241
37 1080
47 1311
47 169
47 1211
47 182
47 713
47 363
47 1115
47 3
47 314
47 1057
47 214
47 948
47 110
47 97
47 1110
47 788
47 577
47 1218
47 56
47 992
47 502
47 1084
47 966
47 1301
47 384
47 140
47 513
47 415
47 1460
47 180
47 227
47 47
47 1454
47 285
47 215
47 1672
47 1137
47 941
47 1470
47 1102
47 1004
47 165
47 1399
47 69
47 523
1311 1555
1311 377
1311 1230
1311 508
1311 393
1311 1276
1311 431
1311 21
1311 1097
1311 974
1311 1691
1311 1459
790 393
790 427
790 1133
790 214
1530 1129
1530 188
1530 552
1129 8
1129 196
1129 387
1129 388
1129 917
1129 174
1129 1661
1129 407
1211 1248
1211 824
1211 1477
1211 1525
1211 1301
1211 331
1211 645
1211 715
1211 755
1211 510
1248 1559
1248 522
1248 54
1248 1563
1248 1084
1248 732
200 993
80 961
80 474
80 264
80 850
575 754
575 1354
754 844
754 356
1497 839
839 1368
839 1024
839 1490
1378 1489
1489 713
1489 1134
1489 140
1489 1465
1489 362
1489 130
1310 4
1310 695
1310 42
1310 91
1310 1093
1310 93
1310 71
1310 165
1310 196
1310 510
1310 1576
4 900
4 620
4 1271
4 829
4 216
4 1176
4 8
1259 377
859 1221
1221 205
1221 21
1221 756
1221 1351
1221 388
1221 388
1221 393
1221 1557
1221 283
1221 1693
1221 1223
1221 440
1221 1225
1221 757
1221 924
1221 374
1221 507
1221 434
432 328
432 737
119 1222
119 1494
119 689
119 1304
119 1333
119 21
1222 283
1222 1536
1222 430
1222 282
1222 1106
1222 33
1222 894
1339 1236
332 1517
332 290
332 622
332 322
169 1023
169 1082
169 1296
169 1224
169 676
169 222
1231 1197
1231 283
1231 586
1231 1276
1231 373
1231 971
1231 1069
1231 214
1231 1431
1231 350
1231 1301
1231 417
1231 700
1197 1223
1197 1561
1197 624
1197 21
1197 1285
1197 1490
1142 78
78 311
78 1045
1417 103
103 151
103 135
103 551
283 145
283 426
283 515
283 1273
283 1071
283 509
283 180
283 1138
283 1353
283 1105
283 762
283 944
283 407
283 1501
283 1216
283 391
283 383
283 441
267 1013
267 1492
1013 467
429 1282
1282 362
417 1652
417 353
417 374
417 299
417 1242
417 1693
417 383
417 935
417 1205
417 1132
417 85
417 22
417 948
417 551
417 1004
1133 569
1133 517
1133 912
569 1301
569 384
140 1293
140 526
140 1301
140 1713
1293 362
1293 566
1492 509
1492 336
1492 411
1492 1578
1492 1112
509 664
509 1283
509 1406
509 1359
509 304
509 96
509 234
509 934
389 1327
389 558
408 215
408 165
408 442
408 28
408 126
408 1232
408 32
408 625
408 195
408 312
408 388
408 513
408 227
408 1246
408 1301
408 420
408 1006
215 1201
215 1509
215 562
215 1199
1297 723
1297 1136
1297 344
1297 348
1297 497
1297 1547
1297 1540
609 375
375 556
375 311
375 530
375 1058
375 844
375 1691
1555 1196
435 182
435 687
435 1116
435 1513
435 63
435 879
435 1407
182 715
182 311
182 86
182 510
182 1296
182 1314
182 1238
439 1531
439 800
1406 1368
1406 1608
1368 786
1368 801
1445 1127
1445 1686
1445 740
1445 472
1445 1367
1445 855
1445 43
513 1093
513 1499
513 600
513 290
513 174
513 173
513 703
513 774
513 142
1093 638
1093 473
1093 173
1093 106
1093 83
1093 593
1093 251
1093 558
1039 1144
1144 1510
759 327
759 600
1295 1227
1295 1251
1295 927
1295 473
1295 97
1295 595
1227 542
1227 29
1227 1340
1227 170
1227 418
1227 636
1227 518
1227 304
1227 14
1227 760
1227 3
1387 1564
1387 383
1387 1200
1564 348
1564 30
1440 682
682 1243
682 335
682 184
682 705
722 453
196 897
196 510
769 115
769 1303
115 1134
1605 499
499 516
499 657
882 1014
882 244
1272 941
941 407
941 391
941 562
1325 430
1325 1691
430 1
430 416
430 709
430 277
430 303
430 1301
430 1577
430 68
430 293
430 69
1505 1205
1205 291
1205 470
1205 864
1205 996
1205 835
1205 53
1205 1071
1205 315
1205 1273
1324 594
1707 535
535 1194
535 1500
535 188
535 351
183 1203
183 349
183 338
183 834
183 673
183 416
1203 760
1203 1188
578 1087
1087 1225
1087 1105
1138 1240
1138 1167
1138 407
1138 284
1138 418
1138 1283
1240 212
1240 1196
1240 35
1240 1560
343 507
343 384
343 388
343 1568
343 1566
507 276
507 189
507 33
507 531
1561 387
1561 811
1561 1097
1561 421
671 322
671 487
671 833
671 1294
671 973
671 102
671 519
322 433
322 467
322 1342
322 1660
322 1480
322 455
322 1019
322 457
322 954
1455 21
349 54
349 1298
349 30
349 151
349 388
349 474
349 1225
349 142
1335 442
1335 1680
1335 62
442 1638
1307 1274
1307 102
1307 35
1307 35
1307 284
1307 351
1274 147
1274 653
1171 863
510 407
510 1084
510 458
510 562
510 191
510 1235
510 284
407 1120
407 214
407 1246
407 1404
407 130
407 1180
407 71
407 877
407 1558
407 422
407 327
407 1569
996 861
396 715
396 131
396 53
396 141
396 10
396 546
396 1290
396 1115
396 393
396 1486
396 1140
396 28
396 482
142 517
142 1283
142 36
142 146
142 1237
517 388
517 64
943 915
943 129
943 418
1338 588
1338 945
1338 257
588 380
588 191
1281 1553
709 132
709 512
709 1246
132 1196
1589 1084
1094 534
1094 14
1094 724
1094 310
1094 1369
1094 1260
534 1452
534 18
534 121
534 16
713 1178
713 284
713 29
713 259
713 180
713 117
713 35
713 423
713 556
713 421
713 1276
1243 99
1243 384
351 715
351 1196
473 631
473 33
473 1649
473 616
473 1026
473 197
473 1011
473 690
473 1318
1357 472
1357 1155
472 1096
472 1635
472 420
472 171
472 394
472 768
472 1343
472 300
472 1301
472 1447
472 683
472 488
472 1456
472 1251
1084 420
1084 113
1084 144
1084 866
1084 126
1084 81
1084 481
420 383
420 1242
420 3
420 939
420 840
420 946
420 49
420 71
420 683
420 111
420 110
420 1249
420 656
420 1223
420 1567
1648 1584
1584 1532
1223 112
1223 467
1223 1320
1223 30
1223 629
1223 1
203 74
203 1182
203 1344
74 664
74 474
74 1329
1563 1442
1563 651
1563 1225
1563 1054
1563 784
1563 1360
601 1402
601 1617
601 1687
601 422
601 455
601 506
601 453
601 411
601 63
601 1081
601 1147
601 956
387 6
387 1657
387 38
387 771
387 565
387 1302
387 383
387 158
387 1063
387 1256
387 599
387 312
387 1308
387 1512
387 416
387 226
387 19
387 1418
387 321
387 321
6 307
6 339
757 720
757 383
720 388
1241 1078
1241 1319
1241 785
1241 1017
1241 153
1241 1213
1241 324
1241 68
1241 93
1241 440
1241 694
1241 1303
1241 626
1241 491
1241 1312
1078 688
1078 1504
1078 1308
1078 463
1078 562
126 466
126 21
29 348
29 284
29 1193
29 1493
1176 123
1176 219
123 1104
123 982
123 729
1249 1276
1249 1470
1249 1125
1249 218
1249 1317
1249 849
1249 1175
193 112
193 274
853 755
853 1618
1566 743
1566 636
1566 967
1566 189
1566 463
339 642
339 1518
767 415
774 715
774 582
102 14
102 1201
14 1065
14 621
14 523
14 450
14 1242
14 586
14 1238
14 1312
14 10
1697 1115
1115 1216
180 1000
180 972
180 1665
180 1316
180 564
180 1312
180 474
180 421
504 1662
504 1498
504 1309
1577 885
1577 975
586 700
586 174
586 156
700 86
700 772
700 388
700 362
700 1063
113 281
1065 803
1065 60
651 1640
651 179
651 770
651 1099
651 160
1553 376
1553 1286
39 467
467 174
467 458
467 1565
467 511
467 488
467 320
467 101
467 715
467 1312
636 1108
192 290
192 1637
192 746
290 156
290 1623
290 789
290 889
290 1005
660 483
1554 1080
1554 576
1554 493
1554 455
1554 492
393 974
393 1699
393 953
393 1411
393 1587
393 495
393 5
393 1457
393 51
393 633
393 1480
393 1580
974 741
693 28
28 1246
28 848
28 1200
28 1304
28 1134
1544 556
511 1232
511 1158
511 1173
511 627
511 1487
511 51
511 94
511 54
755 1454
599 1337
599 723
599 1420
599 378
599 363
1237 802
1237 1504
1237 497
1237 1260
1296 56
1296 1097
1296 1363
1296 241
56 1134
1 792
1 1121
1 383
1 595
631 1184
631 579
505 213
213 1582
213 1644
213 1159
213 696
213 1301
213 600
213 345
213 8
213 1542
213 1656
213 548
213 1420
383 1527
383 369
383 327
383 134
383 1309
383 22
383 166
383 756
383 1313
383 1216
383 1134
383 1355
383 1148
1209 30
30 1193
1341 1363
33 1685
33 675
33 1062
33 1627
402 362
59 1099
59 136
59 63
59 62
59 457
59 109
59 1189
59 310
59 149
59 797
59 568
1242 979
1242 1260
1242 1683
635 1448
635 451
635 708
635 905
635 602
1448 1342
1134 474
1134 1106
1134 391
1134 773
1134 1232
1134 501
1134 440
1134 378
1134 1372
1134 194
1134 808
321 367
321 73
321 1602
321 493
508 747
508 1113
508 1067
508 1105
508 96
508 1038
508 1220
679 1028
1028 1191
32 519
32 348
32 842
32 1056
32 331
32 1352
32 157
32 557
32 1709
32 771
32 715
519 288
519 111
519 345
519 476
519 225
519 63
174 647
174 1254
136 234
729 54
729 1303
729 1328
340 1085
340 325
340 1104
340 284
69 418
69 144
69 1244
418 1303
418 512
418 1081
418 144
418 681
703 548
703 230
1034 557
557 1560
557 846
189 883
189 583
189 301
189 701
189 550
857 411
411 1151
411 643
411 381
411 202
411 650
411 1579
411 293
411 995
411 1435
411 391
284 1599
284 1006
284 214
284 779
284 331
284 1538
284 1216
284 704
284 363
284 125
284 390
284 1135
284 474
284 520
170 3
170 259
170 952
112 1665
112 570
112 1365
1420 587
1420 1096
3 1284
3 1314
3 1490
3 210
3 537
3 1366
3 778
3 1487
3 818
3 766
3 930
388 1362
388 434
388 991
388 1104
388 361
388 36
388 391
388 1194
388 317
388 1375
388 16
388 662
388 38
388 384
1542 145
145 692
145 1108
145 1196
210 265
210 1578
210 1177
210 1626
210 97
210 1355
210 1486
210 768
210 1220
210 214
538 434
538 1529
538 1299
434 207
434 522
434 348
1220 1007
1220 1289
1220 896
1220 188
1220 515
1220 1201
1220 220
1220 1539
38 173
38 562
38 600
38 1627
153 184
153 1214
153 1491
153 1191
153 485
153 463
184 160
184 1005
184 305
488 1124
488 782
488 1312
488 1054
1498 71
1306 706
1306 551
1306 582
1306 1224
600 177
600 1596
600 1276
600 1196
600 419
600 1421
600 1616
760 1150
760 1120
760 206
760 868
1150 858
1217 611
1217 814
1217 348
1217 1230
1120 738
1120 1113
1120 685
809 1080
1080 474
1080 81
1080 1394
1080 1550
1080 1283
982 991
166 1047
166 1703
1611 604
1611 1104
604 1510
604 1246
836 422
836 1426
836 52
422 1556
422 148
422 1620
422 1062
1665 523
1665 688
1665 363
637 788
637 443
637 67
49 1110
49 356
386 1275
386 367
386 459
386 318
1309 350
1309 868
1309 138
1309 138
1309 1104
1309 62
363 976
1059 348
1059 1634
348 650
348 1556
348 795
793 352
352 1428
352 255
352 1585
352 241
91 19
1106 75
1106 1447
1106 661
1106 1029
75 61
1386 1524
1524 1575
650 63
650 16
1447 1529
1447 550
1447 634
325 1618
369 1301
369 1689
369 1132
369 1379
369 1304
1301 1694
1301 279
1301 1592
1301 951
1301 327
1301 1200
1301 474
1301 10
1301 582
1301 945
1178 1021
1178 612
1178 137
658 1023
371 946
371 234
146 54
146 721
146 345
579 547
715 367
715 654
715 1266
715 376
715 684
715 245
1365 791
1365 2
1365 526
1365 62
1365 1308
1365 617
1365 955
285 63
285 1490
285 1090
285 1433
1331 1556
1556 1473
1556 489
1556 22
1556 1225
918 1003
1003 1096
1582 706
1232 1379
1232 1303
1232 163
331 1574
1303 1394
1303 1461
1196 1374
1451 677
1535 562
562 446
562 1348
562 845
562 384
376 1483
376 1200
376 21
558 83
558 27
558 1225
83 81
83 938
83 512
83 1312
313 337
337 1474
337 926
337 654
1315 450
1315 1483
1315 342
1315 666
450 552
450 512
450 1201
450 1005
450 1169
450 96
450 1074
453 687
62 1478
62 1476
62 1225
62 1441
62 444
1491 64
1491 940
177 1119
64 1083
64 1224
64 260
64 672
64 53
64 1482
64 1304
64 278
1083 1235
1083 1483
1122 201
572 1487
572 696
572 1557
572 684
572 1653
1487 367
1487 1526
1487 16
1487 391
454 455
454 1467
21 1715
21 1383
21 1702
21 1658
21 1312
21 1200
21 18
21 726
21 457
1216 1086
1216 31
1216 806
1216 1579
1216 1230
84 212
84 441
84 795
84 178
84 286
84 810
212 551
212 160
212 416
104 663
663 731
27 481
27 606
27 214
36 1199
36 1587
36 1201
36 955
1287 724
85 1153
85 875
85 163
85 206
85 116
85 455
1246 1091
1246 687
1246 1367
1246 501
1246 362
1246 1200
470 1699
470 1187
81 1183
81 16
487 1082
516 1480
516 51
1593 1560
1560 521
1560 310
1560 1536
1159 1302
861 0
864 437
1225 1230
1225 403
1225 821
1225 159
1225 1105
1626 929
929 130
979 8
8 880
8 401
1715 2
1714 1004
314 1038
344 399
344 333
344 1173
523 355
523 419
384 1304
384 639
384 842
591 1173
942 804
942 424
804 1074
353 878
131 117
131 51
131 1587
131 1493
214 512
214 1486
214 898
214 687
214 1394
214 1149
512 1312
512 441
350 31
350 474
350 111
627 194
194 707
747 1104
521 819
474 595
474 1392
474 1333
474 421
474 1654
157 772
157 18
555 55
555 1353
55 1691
1483 1643
1483 830
1483 1590
1483 549
425 1212
419 26
419 416
419 301
419 96
494 1349
494 1089
1349 1609
714 906
1230 1569
1230 1300
858 173
858 414
858 1453
173 711
173 1570
173 1394
173 1691
415 1572
415 1276
415 1334
415 326
415 585
63 188
63 293
414 1565
414 1288
1113 201
552 286
552 1145
552 1513
286 1394
286 862
953 395
953 449
807 118
118 871
712 195
195 1036
195 156
324 53
391 77
391 514
391 1263
391 5
491 530
491 296
491 606
491 1645
1104 697
1104 372
1096 304
977 1131
726 841
726 907
726 161
726 15
726 1358
731 751
2 456
1252 1382
1283 1669
1283 822
1283 1533
797 826
797 705
1006 798
1006 53
935 744
935 440
935 1385
708 724
1012 492
492 44
492 970
492 239
1332 16
1143 35
1143 606
35 628
35 873
367 347
367 910
367 1326
367 16
276 1114
779 139
771 275
771 1314
160 303
160 1706
303 740
303 1292
1161 497
1161 1238
748 955
955 867
955 823
955 1056
955 428
612 1557
1557 901
1394 111
50 987
50 101
890 617
772 583
582 1565
795 480
1419 1260
1260 522
768 1030
768 1603
768 1610
374 1506
16 1523
16 1580
16 1314
16 1711
16 1304
16 1373
867 1316
1175 5
455 124
455 99
455 111
455 25
1374 1302
1663 529
529 958
740 341
1316 931
1316 1157
724 514
362 392
362 451
362 229
362 249
362 554
362 1304
493 1276
493 968
1276 378
1276 573
1057 162
1529 188
1529 1193
1529 1567
188 551
188 1509
53 496
595 370
595 1020
595 127
595 1600
1158 937
687 585
451 1456
451 895
336 1703
336 640
1559 1509
259 902
696 584
1591 632
1194 911
1691 1576
1691 1480
1691 22
1691 1475
1691 1312
438 1464
438 1587
1464 1062
1100 263
1100 981
502 683
54 825
54 1056
54 330
1105 1109
1574 1302
1574 1486
150 1166
150 327
150 360
416 1700
416 840
44 1607
835 1571
835 1101
1149 1043
1429 190
1429 171
190 1262
190 1710
838 766
766 770
1567 986
1567 206
1567 93
1567 1598
1567 1291
986 991
18 881
18 1224
18 1210
18 288
18 520
144 800
328 1278
328 691
328 742
328 633
328 1468
378 156
378 1298
514 888
1682 1063
1063 97
1063 1477
1688 76
1486 1679
1486 750
1474 1264
130 304
130 592
1201 1258
1499 90
1490 574
608 1545
310 1558
52 647
1415 1302
1302 1058
1302 247
1224 852
500 304
1082 1321
796 1397
796 1403
796 1168
128 585
585 1414
551 695
551 1359
1200 1517
522 1038
659 1622
1465 109
1284 904
1121 561
645 320
1304 94
1304 1558
1304 1558
65 22
65 1051
138 1024
138 1677
689 70
70 1261
571 1075
1075 777
776 813
1403 88
628 843
628 541
1244 1346
1123 469
1160 116
1160 1674
1160 484
1160 1299
1160 445
191 1070
1071 592
421 1639
421 1613
421 1607
1703 298
298 254
458 300
458 111
606 1409
606 1607
606 111
661 228
1088 952
1480 139
1351 570
1692 528
97 655
919 1131
465 1320
99 1678
705 905
705 345
705 366
1157 1061
1628 962
1628 436
1477 45
580 106
580 928
580 765
10 68
31 570
1314 1558
1314 1500
1356 1077
871 1049
1110 156
1578 176
1578 77
1578 1671
678 484
484 0
1588 1380
727 1507
1312 949
1312 828
1312 1253
1312 998
1312 60
1298 971
1298 781
1298 1520
1128 271
744 1269
327 1192
327 1516
515 1192
1273 368
665 641
234 1629
559 346
559 914
346 758
346 162
667 1165
0 1068
0 752
532 560
560 121
1590 151
1698 716
1698 1484
716 736
1155 812
1218 270
5 460
5 41
489 951
1493 116
1425 1130
1348 106
623 198
1095 93
93 1027
1002 969
304 644
304 1575
305 1117
305 936
305 1347
680 1323
1323 528
683 319
246 758
525 463
1580 619
698 854
161 1495
1453 963
540 957
497 1601
846 1344
293 1234
1390 884
763 1042
178 669
1056 1496
41 1701
436 1432
1432 1361
563 887
563 289
90 985
364 496
364 721
1552 1469
1168 1146
158 964
616 330
616 358
666 235
576 533
719 1518
719 1401
148 702
1062 1268
501 607
1015 1148
629 485
1558 815
1558 1573
73 674
154 440
1152 590
1475 447
860 1579
1675 237
564 567
1192 1401
1401 633
554 51
554 965
486 913
787 1423
1376 1174
1472 959
589 1053
287 243
537 379
1186 584
584 231
1684 302
1154 1031
518 1330
1026 248
1001 317
901 753
1405 40
1381 925
1381 920
1666 1537
66 831
135 989
895 837
1234 164
618 1400
1610 125
1610 199
125 498
461 1458
1208 1010
781 960
1384 253
1286 1449
1277 725
652 1430
315 1678
315 261
1353 975
334 610
940 891
179 710
1677 1716
100 462
1336 921
1291 1156
480 874
1066 1050
404 1581
988 1118
1484 256
1008 990
1676 1673
1650 1391
849 761
1044 1667
482 543
1503 220
1377 1632
780 1471
88 1389
728 1035
837 1052
1107 1416
630 1708
221 1255
1461 1204
1511 1511
238 217
1074 1279
1624 794
783 909
1625 1037
1371 232
365 268
