30 2769
30 1646
30 199
30 199
30 1393
30 78
30 216
30 445
30 2754
30 2091
30 3447
30 237
30 79
30 649
30 2495
30 1383
30 2
30 933
30 76
30 2752
30 263
30 599
2769 1501
2769 3412
405 726
405 99
405 199
405 199
405 199
405 199
405 199
405 199
405 199
405 189
405 404
405 51
405 351
405 357
405 46
405 309
405 1615
405 3
405 3
405 313
405 1666
405 248
405 2243
405 824
405 216
405 1226
405 431
405 8
405 2290
405 417
405 193
405 272
405 272
405 353
405 1468
405 81
405 81
405 375
405 323
405 1733
405 307
405 307
405 396
405 985
405 192
405 192
405 45
405 758
405 663
405 113
405 2
405 3172
405 1413
405 1299
405 972
405 507
405 1658
405 1860
405 1853
405 2595
405 352
405 132
405 49
405 3102
405 586
405 814
405 2667
405 2519
405 419
405 1684
405 1187
405 67
405 156
405 2255
405 3387
405 2127
405 2194
405 1891
405 1325
405 378
405 72
405 403
726 2827
726 18
726 169
726 1471
726 3020
726 307
726 3448
726 9
726 2123
726 266
726 727
726 949
726 2
726 199
726 199
726 163
726 158
726 2114
726 1972
2076 238
238 2155
238 2988
238 1164
238 719
238 492
238 206
238 375
238 375
238 978
238 168
238 168
238 2
238 2
238 948
238 948
238 444
238 81
238 199
238 199
238 837
238 49
238 307
238 307
238 307
238 350
238 242
238 2183
238 419
238 234
238 647
238 3503
238 7
238 744
238 645
238 345
238 568
238 568
238 360
238 652
238 232
238 304
238 221
238 44
238 266
238 367
238 2334
238 32
238 3334
238 3219
238 198
238 1896
238 25
238 2068
238 596
238 916
238 2498
238 173
238 325
238 281
238 272
238 348
238 3
238 45
238 1337
238 69
238 774
238 774
238 195
238 779
238 225
238 248
238 857
238 101
238 46
238 995
238 417
238 301
238 609
238 3343
238 3202
238 700
238 334
238 571
238 2099
238 63
238 1628
238 657
238 2082
67 136
67 245
67 67
67 3084
67 455
67 1471
67 1896
67 1455
67 199
67 199
67 199
67 199
67 199
67 199
67 199
67 1190
67 492
67 492
67 228
67 2888
67 527
67 2714
67 1618
67 375
67 375
67 1466
67 461
67 438
67 429
67 307
67 307
67 307
67 307
67 90
67 700
67 2526
67 168
67 168
67 810
67 3482
67 609
67 659
67 221
67 221
67 1505
67 1505
67 2256
67 365
67 745
67 668
67 412
67 1595
67 532
67 2725
67 589
67 1332
67 1332
67 360
67 1842
67 186
67 186
67 491
67 2
67 2
67 2129
67 46
67 46
67 615
67 318
67 304
67 1903
67 272
67 272
67 607
67 605
67 3
67 1565
67 126
67 1826
67 173
67 219
67 193
67 193
67 193
67 1310
67 81
67 2899
67 1810
67 1446
67 400
67 392
67 454
67 357
67 37
67 1619
67 237
67 334
67 1804
67 2191
67 1519
67 906
67 45
67 350
67 596
67 201
67 379
67 113
67 2910
67 650
67 60
67 246
136 215
136 176
136 62
1056 50
1056 2179
1056 3276
1056 589
50 313
50 2524
50 1383
50 199
50 608
95 176
95 741
95 2535
95 2687
95 981
95 376
95 2414
95 1930
95 3485
95 272
95 72
95 2992
95 607
95 137
95 609
95 838
95 80
95 1224
95 49
95 419
95 309
95 309
95 38
95 2892
95 1691
95 178
95 182
95 1458
176 389
176 3
176 307
176 105
176 1498
176 603
176 1903
176 272
176 272
176 272
176 1858
176 299
176 218
176 1414
176 2594
176 1596
176 2916
176 2549
176 1240
176 3433
176 3018
176 209
176 837
176 396
176 240
176 2125
176 350
176 2577
176 617
176 1797
176 913
176 552
176 237
176 7
176 79
176 3092
176 302
176 675
176 2637
176 369
176 236
176 2293
176 551
176 730
176 77
176 2084
176 199
176 92
176 286
176 2167
176 525
176 2619
176 995
176 1519
176 765
176 176
176 2
176 1664
176 1345
176 132
176 536
176 313
3232 247
247 8
247 247
247 2925
247 1145
247 375
247 342
247 445
247 1545
247 609
247 193
247 307
247 1017
224 667
224 963
224 434
224 1213
224 480
224 3
224 199
224 866
224 486
224 3425
224 2151
224 193
224 1121
224 92
224 535
224 799
224 219
224 1563
224 2562
224 1012
224 570
224 48
224 1023
667 2106
667 774
667 45
83 609
83 90
83 313
83 1657
83 1456
83 168
83 3302
83 3013
83 2228
83 1757
83 419
83 586
83 480
609 393
609 3365
609 663
609 367
609 1334
609 2991
609 3426
609 429
609 2049
609 246
609 363
609 864
609 1845
609 514
609 168
609 168
609 313
609 599
609 538
609 2398
609 3230
609 3419
609 530
609 314
609 850
609 1
609 837
609 837
609 1931
609 490
609 490
609 2016
609 2877
609 1168
609 193
609 430
609 874
609 145
609 81
609 81
609 199
609 199
609 1499
609 649
609 307
609 309
609 690
609 101
609 362
609 891
609 378
609 905
609 1625
609 1938
609 8
609 1894
609 2736
609 1941
609 2794
609 1914
609 272
609 118
609 210
609 1488
609 587
609 72
609 2154
609 1758
609 1332
609 185
609 442
609 806
609 3378
609 2007
609 2204
609 10
609 336
609 191
609 609
609 532
609 1726
609 1751
199 2180
199 897
199 524
199 2901
199 378
199 3329
199 649
199 649
199 649
199 649
199 649
199 649
199 3309
199 81
199 81
199 81
199 81
199 81
199 81
199 81
199 81
199 81
199 81
199 1017
199 422
199 422
199 1130
199 365
199 375
199 375
199 375
199 375
199 375
199 375
199 375
199 375
199 375
199 375
199 375
199 375
199 1519
199 682
199 369
199 497
199 1784
199 903
199 2
199 2
199 2
199 2
199 2
199 2
199 2
199 2
199 2
199 2
199 208
199 439
199 1866
199 2075
199 186
199 186
199 186
199 186
199 302
199 1451
199 1451
199 1998
199 572
199 8
199 928
199 312
199 312
199 3132
199 51
199 1811
199 676
199 839
199 932
199 1337
199 837
199 837
199 837
199 1142
199 210
199 3402
199 1668
199 2178
199 769
199 132
199 1332
199 234
199 381
199 1227
199 1524
199 1716
199 385
199 1627
199 2086
199 377
199 840
199 840
199 2661
199 559
199 1618
199 1618
199 995
199 995
199 1308
199 3369
199 307
199 307
199 307
199 307
199 286
199 286
199 286
199 286
199 2283
199 1657
199 46
199 46
199 1025
199 199
199 199
199 199
199 199
199 199
199 199
199 199
199 199
199 199
199 194
199 342
199 744
199 1135
199 865
199 2432
199 265
199 265
199 2923
199 3252
199 2708
199 273
199 3139
199 214
199 1407
199 1407
199 37
199 1830
199 419
199 419
199 419
199 419
199 1146
199 1090
199 1233
199 684
199 821
199 821
199 670
199 1158
199 25
199 538
199 250
199 193
199 193
199 193
199 193
199 193
199 193
199 193
199 193
199 193
199 844
199 88
199 195
199 2060
199 324
199 1105
199 1885
199 1885
199 1607
199 1065
199 240
199 1510
199 34
199 1748
199 1748
199 353
199 2136
199 454
199 862
199 2149
199 2844
199 2649
199 2684
199 1237
199 464
199 329
199 220
199 272
199 272
199 272
199 272
199 272
199 596
199 1257
199 254
199 221
199 3
199 3
199 445
199 2279
199 1545
199 3341
199 3124
199 700
199 119
199 2848
199 553
199 72
199 3166
199 4
199 315
199 2186
199 1129
199 1895
199 549
199 2813
199 934
199 1768
199 463
199 69
199 69
199 69
199 69
199 69
199 383
199 383
199 383
199 2292
199 184
199 184
199 3101
199 71
199 71
199 71
199 71
199 1488
199 168
199 168
199 183
199 400
199 400
199 2141
199 244
199 314
199 1896
199 1896
199 201
199 1459
199 371
199 1145
199 1438
199 554
199 569
199 569
199 135
199 204
199 92
199 3280
199 2866
199 2958
199 3439
199 1234
199 242
199 242
199 493
199 1220
199 1947
199 1445
199 1445
199 577
199 171
199 521
199 521
199 2329
199 2418
199 971
199 1497
199 7
199 7
199 7
199 85
199 85
199 1859
199 219
199 1307
199 53
199 683
199 948
199 989
199 989
199 1753
199 2172
199 1356
199 1713
199 588
199 1180
199 653
199 79
199 1078
199 1840
199 59
199 1318
199 185
199 2019
199 2108
199 188
199 612
199 3411
199 1172
199 944
199 1255
199 2278
199 431
199 1523
199 1041
199 170
199 3299
199 1858
199 149
199 602
199 61
199 237
199 1060
199 968
199 335
199 2160
199 80
199 996
199 1246
199 1888
199 1452
199 1439
199 60
199 2873
199 657
199 657
199 218
199 181
199 598
199 215
199 215
199 246
199 2565
199 1903
199 1903
199 1903
199 1975
199 313
199 313
199 313
199 3330
199 914
199 305
199 734
199 370
199 86
199 245
199 2023
199 2124
199 1424
199 589
199 589
199 1964
199 38
199 3118
199 424
199 1641
199 459
199 309
199 1355
199 3391
199 2151
199 3443
199 1437
199 101
199 1729
199 1967
199 2904
199 12
199 963
199 259
199 496
199 1865
199 349
199 3036
199 3340
199 2011
199 735
199 843
199 2889
199 2702
199 1022
199 1532
199 274
199 1486
199 1295
199 736
199 2392
199 2995
199 1244
199 1020
199 1023
199 2412
199 1852
199 3287
199 243
199 675
199 1942
199 992
199 2993
199 82
199 82
199 82
199 289
199 555
199 1014
199 1886
199 1035
199 191
199 2426
199 1392
199 490
199 490
199 490
199 1315
199 3431
199 1775
199 719
199 2831
199 450
199 39
199 39
199 879
199 1927
199 663
199 458
199 1702
199 438
199 468
199 3028
199 760
199 2147
199 257
199 1962
199 1009
199 3153
199 1653
199 392
199 345
199 957
199 2403
199 830
199 690
199 479
199 1963
199 99
199 1399
199 280
199 1210
199 3242
199 892
199 2622
199 3410
199 2821
199 45
199 45
199 70
199 1979
199 3169
199 793
199 527
199 1030
199 1312
199 1124
199 851
2180 837
2180 1358
2180 49
2180 380
865 75
865 649
865 186
865 1430
865 101
865 1019
865 3115
865 230
75 521
75 375
75 2898
75 286
75 3473
75 1891
75 169
75 1644
75 1583
1334 543
1334 463
1334 1613
1334 690
1334 394
1334 45
1334 1653
1334 2460
1334 1941
1334 649
1334 3429
1334 272
543 210
543 3241
543 3384
543 220
543 198
1811 188
188 1156
188 355
188 2951
188 216
188 45
188 186
188 531
188 381
188 193
188 1529
188 684
188 286
188 940
188 1831
188 2
1838 1549
1838 113
1838 879
1838 3311
3409 2803
2803 272
2803 37
2803 193
2803 105
2803 666
537 2787
537 350
537 1501
537 2084
537 830
537 2087
537 1840
537 1824
537 843
537 979
537 2739
537 3160
537 129
537 27
1449 60
60 216
60 1713
60 646
60 84
60 1169
60 186
60 69
60 1519
60 1353
60 3376
60 3467
60 618
1885 1414
1885 1006
1885 649
1885 392
1885 893
1885 3505
1885 406
1885 2220
1885 259
1885 3
1885 193
1885 611
1885 858
1885 170
1885 381
1414 414
1414 719
1414 527
150 959
963 192
963 286
524 183
3045 649
3045 375
649 77
649 396
649 375
649 399
649 419
649 419
649 874
649 1066
649 232
649 7
649 1898
649 168
649 700
649 475
649 2174
649 3050
649 189
649 2259
649 3075
649 1622
649 4
649 2618
649 944
649 3064
649 752
649 1975
649 169
649 79
649 1360
649 725
649 1282
649 1613
649 2233
649 2089
649 2332
649 187
649 270
649 1114
649 313
649 1917
649 3010
649 1285
649 2825
649 1726
649 1803
649 1402
649 1093
649 81
649 81
649 805
649 3432
649 1211
649 8
649 259
649 1010
649 1855
649 190
649 2811
649 307
649 1739
649 965
649 94
649 73
649 286
649 1735
649 441
649 191
649 2
649 380
649 964
649 274
649 1235
649 1903
649 128
649 3396
649 3382
649 265
649 830
649 378
649 1852
649 3364
649 63
649 1472
649 193
649 1777
649 272
649 1036
649 2569
649 379
649 438
649 882
649 1896
649 69
21 1313
21 7
21 2561
1313 2150
1313 1472
1313 1318
1313 736
232 782
232 240
232 245
232 1996
232 1996
232 773
232 306
232 2847
232 307
232 2788
232 2970
232 973
232 3194
232 716
232 118
232 234
232 44
232 911
232 1294
232 1207
232 2024
232 335
605 1421
605 724
605 1249
605 1617
605 307
605 1698
605 615
605 275
605 455
605 2585
605 7
605 1222
605 1176
605 1878
605 1785
605 86
605 1896
605 193
1421 47
1421 1397
1421 2835
1421 44
1421 276
1421 105
1421 464
1421 1525
1421 617
1421 1034
1013 396
1013 307
1013 272
1013 309
396 599
396 251
396 127
396 69
396 1418
396 672
396 1484
396 1367
191 2288
191 837
191 355
191 334
191 665
191 2558
191 2579
191 1887
191 645
191 1242
191 1389
191 311
191 45
191 81
191 319
191 2711
191 3080
191 70
191 380
191 2869
191 1349
191 372
191 527
191 272
191 1365
191 375
191 129
191 727
191 175
191 2283
393 490
393 3181
653 2620
653 178
653 903
653 657
653 471
653 3323
653 991
653 113
653 1433
653 2189
741 495
741 3
741 370
741 2279
741 355
741 2465
741 94
741 1859
741 193
741 1473
741 851
77 186
77 380
77 380
77 422
77 611
77 570
77 193
77 574
77 1821
313 1985
313 257
313 324
313 1272
313 272
313 272
313 272
313 3
313 3
313 375
313 375
313 375
313 333
313 1119
313 552
313 240
313 8
313 1077
313 740
313 2216
313 586
313 70
313 81
313 81
313 2978
313 307
313 307
313 1276
313 2422
313 1614
313 2337
313 2001
313 1821
313 149
313 1379
313 993
313 215
313 1752
313 2742
313 720
313 193
313 71
313 1982
313 452
313 1387
313 3202
313 1813
313 702
313 145
313 403
313 1731
313 752
313 1751
313 339
313 201
313 1973
313 2824
313 379
313 1355
313 1914
313 342
313 326
313 1463
313 549
313 1894
313 931
313 72
313 1082
313 205
313 631
313 1137
313 1018
313 3344
875 1552
875 886
875 442
875 1481
875 589
875 527
875 3100
875 138
875 450
875 2177
1552 261
1552 723
1552 69
1552 2638
503 97
503 216
503 1725
503 44
503 72
503 287
503 1679
503 272
378 2880
378 822
378 1287
378 379
378 938
378 1519
378 233
378 375
378 375
378 383
378 347
378 1033
378 589
378 945
378 69
378 1711
378 41
378 2906
378 1937
378 926
378 1317
378 1175
378 362
378 175
378 3
378 1134
887 837
837 601
837 1311
837 184
837 209
837 3071
837 370
837 219
837 1498
837 443
837 917
837 2376
837 2
837 2487
837 101
837 81
837 375
837 527
837 186
837 430
837 71
837 2896
837 2063
837 1723
837 316
837 918
837 745
837 1017
837 594
837 696
837 1604
837 392
837 632
837 357
837 570
837 1354
837 383
837 2659
837 645
837 366
837 1519
837 254
837 382
837 2676
837 169
837 147
837 3
837 72
837 461
837 1398
837 39
837 1660
837 1166
837 774
837 1718
837 3303
837 1615
837 1672
837 1448
837 3040
837 888
837 419
837 724
837 1358
837 221
837 1338
837 2980
837 2469
837 2175
837 2182
837 967
837 379
837 1630
837 1021
837 235
837 647
837 286
837 586
837 3351
837 7
837 490
837 45
486 2857
486 307
486 207
486 3487
486 1884
2522 2012
2892 1721
1721 1507
1721 3407
1721 3072
1721 272
1721 309
1721 1403
3070 2
2 645
2 645
2 7
2 7
2 400
2 349
2 3217
2 81
2 81
2 392
2 2598
2 398
2 1570
2 100
2 370
2 690
2 245
2 245
2 1329
2 3406
2 1358
2 1341
2 846
2 2768
2 571
2 193
2 3023
2 1423
2 2067
2 39
2 3411
2 809
2 2592
2 63
2 63
2 2596
2 227
2 2457
2 932
2 903
2 324
2 173
2 66
2 1589
2 619
2 490
2 262
2 404
2 168
2 1365
2 1705
2 416
2 54
2 2
2 2680
2 980
2 1610
2 1498
2 933
2 657
2 657
2 87
2 240
2 3350
2 286
2 286
2 259
2 3213
2 297
2 654
2 1407
2 1905
2 307
2 307
2 307
2 315
2 2698
2 319
2 3211
2 437
2 1594
2 1626
2 1654
2 453
2 483
2 2859
2 995
2 1659
2 1007
2 56
2 186
2 745
2 412
2 367
2 847
2 2560
2 660
2 1518
2 2172
2 1519
2 1878
2 101
2 1133
2 1173
2 700
2 401
2 2636
2 275
2 1390
2 961
2 348
2 916
251 572
251 193
251 105
251 610
251 1950
251 1596
251 698
251 593
251 2375
251 2608
251 438
251 69
251 2903
251 842
251 645
251 101
251 2567
572 1564
572 596
572 1643
572 3360
572 527
572 3420
572 81
572 73
572 206
572 657
572 234
572 193
572 706
2371 237
237 439
237 272
237 272
237 272
237 272
237 3120
237 39
237 426
237 1511
237 1228
237 1444
237 789
237 879
237 935
237 1896
237 1214
237 2578
237 89
237 527
237 2136
237 279
237 286
237 1436
237 307
237 398
237 46
237 1460
237 419
237 309
237 240
237 193
237 2301
237 370
237 375
237 1036
1464 2621
1464 3438
2621 2071
417 1498
417 2407
417 272
417 3
417 2211
417 1591
417 2877
417 1470
417 7
1498 1483
1498 381
1498 2575
1498 2357
1498 3299
1179 2712
1179 319
1179 787
3027 162
3027 1963
162 2419
162 683
162 1225
162 1038
812 472
472 234
472 429
472 2645
472 3107
1853 670
670 1570
670 380
1233 168
168 240
168 1042
168 307
168 1829
168 1093
168 792
168 744
168 2664
168 2578
168 1316
168 193
168 193
168 193
168 589
168 589
168 586
168 2735
168 89
168 286
168 1656
168 80
168 1319
168 200
168 527
168 375
168 375
168 1575
168 172
168 349
168 1173
168 186
168 2248
168 895
168 272
168 272
168 272
168 2074
168 645
168 312
168 661
168 113
168 1123
168 355
168 185
168 81
168 81
168 3305
168 257
168 2727
168 145
168 635
168 48
168 46
168 1816
168 2225
168 2212
168 2936
168 90
168 438
168 2493
168 967
168 309
168 2083
168 1510
168 999
168 1654
45 1322
45 1335
45 2606
45 1235
45 2594
45 263
45 915
45 751
45 79
45 230
45 593
45 1888
45 885
45 257
45 1929
45 849
45 1429
45 272
45 370
45 471
45 2886
45 662
45 145
45 1912
45 821
45 3
45 2800
45 274
45 1522
45 2181
45 1427
45 3303
45 615
45 671
45 46
45 61
45 473
45 663
45 1894
1322 3308
1322 2206
1322 2093
1322 1393
1322 193
645 346
645 307
645 3
645 2448
645 2031
645 2855
645 571
645 215
645 2002
645 645
645 360
645 611
645 611
645 1535
645 421
645 1894
645 2652
645 1057
645 286
645 1446
645 2812
645 3164
645 785
645 684
645 272
399 195
399 836
399 3013
399 419
399 871
399 3248
399 3
399 2982
195 977
195 380
195 594
195 594
195 3312
195 794
195 81
195 499
195 1751
195 90
195 770
195 493
195 39
195 280
195 84
195 987
195 1190
195 307
195 2656
195 2365
195 713
195 2123
195 1035
195 3303
195 4
195 63
414 2374
414 738
414 630
414 830
414 601
414 1399
414 245
414 608
414 118
414 587
414 856
414 1894
414 1705
154 240
154 737
154 547
240 3481
240 1896
240 419
240 257
240 76
240 272
240 2097
240 2343
240 375
240 375
240 879
240 2299
240 973
240 1036
240 3
240 3105
240 68
240 179
240 2090
240 1264
240 2172
240 443
240 265
240 64
240 2564
240 81
240 347
240 1636
240 80
240 2676
240 1660
240 630
240 2543
240 215
240 1724
240 1687
240 78
240 2237
7 1489
7 3335
7 684
7 227
7 2386
7 149
7 281
7 1461
7 1621
7 1530
7 49
7 2389
7 210
7 264
7 1665
7 90
7 509
7 18
7 1486
7 353
7 490
7 115
7 307
7 307
7 34
7 683
7 3207
7 375
7 375
7 372
7 424
7 202
7 2852
7 3394
7 1611
7 1018
7 1627
1489 193
1896 241
1896 682
1896 88
1896 956
1896 855
1896 1642
1896 146
1896 2395
1896 2359
1896 492
1896 375
1896 350
1896 1840
1896 440
1896 72
1896 2430
1896 432
1896 2367
1896 481
1896 527
1896 527
1896 286
1896 1825
1896 1603
1896 883
1896 272
1896 778
1896 307
1896 3193
1896 2173
1896 505
1896 2247
1896 259
1896 2024
1896 450
1896 3086
1896 528
1896 419
1896 1864
1896 1481
1896 1317
1896 2388
1896 81
1896 81
1896 1344
1896 172
1896 1082
241 806
272 71
272 1240
272 1240
272 815
272 1201
272 3304
272 120
272 2588
272 207
272 2745
272 1265
272 353
272 774
272 774
272 2990
272 248
272 69
272 69
272 492
272 301
272 319
272 3428
272 193
272 193
272 193
272 596
272 579
272 3008
272 310
272 962
272 1135
272 275
272 540
272 39
272 39
272 198
272 198
272 2088
272 690
272 797
272 307
272 307
272 307
272 1998
272 72
272 72
272 173
272 387
272 1416
272 25
272 631
272 186
272 186
272 581
272 218
272 1311
272 2944
272 3072
272 380
272 500
272 81
272 81
272 81
272 81
272 81
272 1766
272 461
272 3347
272 525
272 265
272 570
272 588
272 388
272 234
272 2791
272 3189
272 1121
272 2792
272 375
272 2284
272 824
272 2627
272 490
272 285
272 686
272 545
272 46
272 263
272 1356
272 2997
272 3065
272 478
272 63
272 94
272 438
272 923
272 1390
272 587
272 1607
272 2659
272 3461
272 1337
272 2774
272 2289
272 1836
272 541
272 949
272 521
272 521
272 675
272 1399
272 1604
272 1068
272 1460
272 1618
272 1783
272 840
272 1517
272 37
272 3271
272 1036
272 1349
272 2213
272 3250
272 440
272 1798
272 2548
272 3290
272 1430
272 601
272 259
272 259
272 221
272 2939
272 1963
272 471
272 182
272 3375
272 1627
272 1673
272 2729
272 184
272 2591
272 392
272 2887
272 281
272 272
272 272
272 272
272 227
272 1059
272 1059
272 1310
272 3383
272 2642
272 342
272 402
272 1320
272 2437
272 132
272 1858
272 17
71 340
71 91
71 1579
71 113
71 1317
71 589
71 1431
1670 90
90 3073
90 718
90 2328
90 3167
90 2942
90 2965
90 92
90 3002
90 93
90 69
1257 69
1257 1409
69 69
69 806
69 589
69 589
69 1275
69 2738
69 284
69 2429
69 89
69 1403
69 118
69 343
69 98
69 805
69 1348
69 554
69 359
69 3058
69 1684
69 320
69 892
69 306
69 1519
69 1210
69 307
69 2963
69 379
69 1339
69 586
69 2400
69 900
69 383
69 938
69 275
69 2313
69 303
69 44
69 3077
69 527
69 861
69 1073
69 989
69 267
69 546
69 204
69 2045
2155 381
2155 3435
2155 571
2155 701
2155 3116
1997 578
1997 1175
1997 3170
578 193
578 193
578 1167
578 506
578 931
578 1748
578 163
578 81
1829 2801
1829 719
1829 218
1829 33
1829 478
1829 49
1829 72
1829 380
1829 9
2801 3185
2801 3022
49 138
49 81
49 2954
49 2838
49 1043
49 278
49 541
49 42
49 411
49 852
49 3373
49 552
49 1505
49 773
49 1486
49 647
138 1642
138 658
138 144
138 535
138 379
138 125
138 1858
138 1888
138 3
138 1824
138 1870
138 1055
138 383
138 342
138 3294
138 725
138 1872
138 72
138 221
138 266
138 213
3 3264
3 1381
3 178
3 522
3 419
3 419
3 1190
3 280
3 2981
3 373
3 388
3 3037
3 275
3 81
3 988
3 2008
3 169
3 569
3 2009
3 105
3 309
3 8
3 917
3 375
3 370
3 278
3 607
3 209
3 68
3 1126
3 594
3 1029
3 165
3 3253
3 1246
3 193
3 598
3 2173
3 3148
3 830
3 1903
3 352
3 3306
3 3450
3 221
3 372
3 133
3 1365
3 736
3329 1627
3329 2178
866 1100
866 2252
866 2093
1100 2143
1100 2072
1100 2776
1100 2026
1100 442
1100 1938
1100 1311
226 2381
226 92
226 1608
226 2132
184 1747
184 72
184 254
184 309
184 2759
184 2164
184 1365
184 1596
184 736
184 2010
184 3267
184 441
184 216
184 500
1747 3215
1747 64
1747 186
46 101
46 825
46 2806
46 305
46 1519
46 1664
46 3085
46 601
46 1140
46 336
46 190
46 586
46 323
46 2034
46 1471
46 1037
46 1348
46 1858
46 1453
46 1252
46 548
46 973
46 149
46 375
46 3393
101 363
101 252
101 93
101 2604
101 3353
101 81
101 278
101 379
101 661
101 719
101 449
101 709
101 139
101 997
101 1930
101 220
101 629
101 927
101 1764
101 1306
101 2628
101 375
101 956
101 2042
898 2983
898 373
2983 1545
2983 307
2983 530
34 3442
34 3342
34 773
34 462
34 2032
34 307
34 2774
34 64
34 527
34 2582
34 2639
34 3392
682 1174
682 303
682 571
682 286
1581 2025
2025 1299
307 220
307 2761
307 3237
307 1521
307 2768
307 715
307 727
307 381
307 230
307 1383
307 33
307 394
307 2547
307 1452
307 750
307 144
307 375
307 375
307 375
307 2165
307 640
307 1894
307 81
307 81
307 81
307 81
307 246
307 476
307 593
307 1246
307 73
307 1027
307 239
307 679
307 372
307 1550
307 1003
307 362
307 2669
307 2405
307 1332
307 1136
307 2508
307 2364
307 231
307 1444
307 891
307 1079
307 76
307 227
307 227
307 2167
307 39
307 2794
307 2691
307 1466
307 599
307 43
307 3223
307 3301
307 2685
307 419
307 2976
307 1912
307 1812
307 440
307 580
307 92
307 1471
307 198
307 1689
307 392
307 300
307 1556
307 1398
307 1676
307 62
307 571
307 1827
307 829
307 527
307 310
307 513
307 128
307 330
307 2383
307 1858
307 904
307 1297
307 1663
307 1705
307 752
307 3316
307 1563
307 641
307 2342
307 217
307 2090
307 2002
307 130
307 655
307 1481
307 3006
307 1295
307 2588
307 1311
307 204
220 324
220 2583
220 965
220 2508
220 468
220 262
220 3395
601 428
601 2569
601 114
601 1616
601 286
601 244
1154 1332
1154 1454
1154 917
1332 589
1332 259
1332 145
1332 464
1332 1624
1332 98
1332 545
1332 335
438 2576
438 263
438 419
438 204
438 1801
438 80
438 561
438 1833
438 286
438 340
438 89
2576 1493
8 943
8 1196
8 1836
8 1858
8 1024
8 533
8 1511
8 1601
8 1372
8 2799
8 2574
8 1589
8 576
8 1755
8 1903
8 1526
8 633
8 1833
8 616
8 245
8 2244
8 2153
8 81
8 2431
8 2452
8 1175
8 80
8 193
8 784
8 586
8 2719
8 1478
8 573
8 663
2658 3186
2658 1311
2658 501
2037 484
2037 1216
2037 1630
484 2779
484 254
484 1539
484 742
484 1029
484 42
484 2654
1240 2869
1240 261
1240 521
1240 3066
1240 1962
1726 81
1726 1450
1726 386
1726 684
81 375
81 375
81 375
81 3445
81 871
81 82
81 3393
81 529
81 2168
81 215
81 215
81 492
81 1539
81 388
81 309
81 309
81 825
81 1452
81 193
81 193
81 589
81 589
81 172
81 234
81 234
81 716
81 174
81 383
81 1311
81 230
81 230
81 507
81 1909
81 81
81 81
81 1109
81 93
81 286
81 372
81 3418
81 1314
81 221
81 1183
81 1358
81 1692
81 2926
81 1229
81 675
81 1457
81 526
81 662
81 740
81 2320
81 2456
81 1608
81 1975
81 538
81 2518
81 641
81 218
81 535
81 3425
81 2790
81 574
81 1203
81 1617
81 1986
81 84
81 914
81 482
81 639
81 2760
81 263
81 657
81 259
81 259
81 278
81 380
81 749
81 31
81 586
81 3345
81 863
81 1516
81 170
81 1445
81 921
81 677
81 2845
81 525
81 2979
81 409
81 1260
81 419
81 2964
81 62
81 3498
81 611
81 3174
81 1520
81 91
81 1889
81 72
81 385
81 2321
81 2396
81 267
81 219
81 470
81 1590
81 379
81 508
81 2646
81 1355
81 186
81 1310
81 1547
81 1483
81 2379
81 177
81 467
81 92
81 607
81 1931
81 700
81 1720
81 285
81 2462
81 310
81 1295
1422 385
1422 1719
385 3415
385 1466
385 12
385 373
874 1259
874 1678
874 182
874 1976
3225 2453
3225 1378
274 2641
274 690
274 1149
274 2408
274 1352
274 1456
215 1088
215 944
215 513
215 216
215 72
215 17
215 2853
215 905
215 426
215 375
215 465
215 913
215 287
215 309
215 891
215 2677
215 980
215 328
215 932
1598 809
1598 429
1598 44
1598 113
809 1286
809 2120
809 375
809 615
1930 2115
1930 286
1930 332
64 2056
64 538
64 394
64 169
64 2439
64 764
64 256
64 454
64 429
64 209
64 193
64 1750
64 2284
64 355
64 305
64 1494
64 2236
64 917
2056 527
2056 3358
2056 3210
286 2050
286 1254
286 1806
286 521
286 355
286 2563
286 639
286 309
286 1614
286 1311
286 579
286 93
286 105
286 1494
286 3128
286 254
286 254
286 530
286 68
286 1858
286 2179
286 1928
286 2031
286 303
286 282
286 1072
286 273
286 234
286 1579
286 2849
286 244
286 302
286 711
286 2867
286 375
286 375
286 84
286 325
286 262
286 2933
286 1425
286 230
286 2083
286 535
286 257
286 360
286 1410
286 383
286 205
286 723
286 588
286 1401
286 593
286 72
286 1887
286 404
286 265
286 3315
286 1465
286 1235
286 401
286 40
286 2577
286 2173
286 736
286 193
286 1005
286 585
286 1684
286 586
286 2150
286 144
286 1049
286 1714
286 582
286 305
286 82
286 970
286 426
286 3375
286 1790
286 1557
286 2748
286 290
286 3319
286 1391
1224 193
1224 881
193 1143
193 1307
193 1894
193 256
193 643
193 1584
193 661
193 2879
193 72
193 72
193 72
193 72
193 1536
193 169
193 169
193 169
193 259
193 242
193 648
193 151
193 17
193 1324
193 1169
193 2363
193 201
193 2139
193 1302
193 394
193 742
193 784
193 403
193 113
193 219
193 615
193 525
193 525
193 3477
193 398
193 1497
193 718
193 3113
193 1395
193 375
193 375
193 375
193 3103
193 2078
193 132
193 234
193 2256
193 149
193 2726
193 1945
193 527
193 527
193 527
193 1493
193 1877
193 988
193 750
193 44
193 80
193 700
193 3316
193 39
193 39
193 265
193 2626
193 694
193 105
193 2862
193 1614
193 1940
193 464
193 1457
193 1043
193 384
193 696
193 3226
193 2124
193 2637
193 9
193 1347
193 38
193 419
193 2496
193 3441
193 1858
193 490
193 1488
193 3123
193 301
193 586
193 1
193 193
193 2776
193 170
193 170
193 678
193 388
193 3335
193 1699
193 1607
193 187
193 1453
193 1453
193 93
193 442
193 607
193 1157
193 1513
193 236
193 766
193 624
193 2841
193 2679
193 1854
193 2707
193 810
193 1033
193 3059
193 452
193 1320
193 870
193 227
193 395
193 1772
193 1480
193 383
193 579
193 1859
193 1319
193 392
193 439
193 318
419 383
419 72
419 72
419 2165
419 1983
419 287
419 2933
419 253
419 411
419 1955
419 1900
419 846
419 429
419 477
419 381
419 521
419 1767
419 1595
419 1358
419 3398
419 1305
419 314
419 1867
419 234
419 2475
419 3011
419 2333
419 810
419 2795
419 1355
419 453
419 2036
419 816
419 1076
419 880
419 696
419 1463
419 2696
419 1684
419 894
419 570
419 1209
419 471
419 932
419 476
419 78
419 404
419 1980
419 530
419 1864
419 2123
419 139
419 1320
383 356
383 441
383 1892
383 84
383 65
383 2871
383 677
383 736
383 900
383 2135
383 2773
383 731
383 2709
383 1630
383 282
383 589
383 2616
383 2375
2050 1864
2050 720
599 210
599 2695
599 594
599 940
210 3238
210 3197
210 685
210 1327
210 973
210 1859
210 1519
210 85
210 651
210 370
183 2434
183 2829
183 2585
183 1681
183 1048
183 2530
744 2694
744 262
744 186
744 375
744 1469
744 917
744 973
744 388
744 236
744 2500
744 82
1143 207
1143 852
3335 10
3335 446
458 1814
458 242
458 142
458 169
458 3321
458 1750
458 3121
1814 1448
335 701
335 2158
335 689
335 3129
335 1193
701 560
701 905
257 1351
257 1493
3365 1757
381 1977
381 921
381 990
381 201
381 260
381 902
381 1879
1977 1717
324 1512
324 1623
324 1247
3309 539
2083 3172
2083 527
2083 1014
3172 1865
1894 678
1894 2285
1894 527
1894 1195
1894 309
1894 348
1894 1152
1894 969
1894 2449
1894 362
1894 3303
1894 358
1894 373
1894 1848
1894 1743
678 905
678 1205
678 3433
678 1844
678 169
678 1148
148 3228
148 3319
148 1281
148 225
216 2311
216 1884
216 3313
216 89
216 1519
216 2267
216 1063
216 169
216 273
216 360
216 186
216 186
216 56
216 1459
216 784
216 254
216 375
216 146
216 590
216 234
216 3021
216 1457
216 872
216 464
216 2379
216 1327
1006 1563
1006 1023
1006 287
1006 2605
967 68
68 382
68 2113
68 840
68 583
68 259
68 37
68 750
68 989
521 2406
521 1858
521 1903
521 858
521 246
521 379
521 1938
521 2440
375 1537
375 276
375 3423
375 198
375 198
375 892
375 3227
375 3104
375 593
375 648
375 530
375 530
375 141
375 3441
375 416
375 607
375 3108
375 570
375 1234
375 2435
375 1454
375 1454
375 1448
375 1708
375 205
375 3493
375 1737
375 2084
375 3491
375 2061
375 219
375 3458
375 686
375 461
375 174
375 189
375 3414
375 980
375 485
375 387
375 2156
375 833
375 1712
375 3205
375 3397
375 527
375 1659
375 1398
375 145
375 145
375 3339
375 392
375 1408
375 2502
375 1183
375 694
375 1195
375 1539
375 128
375 1761
375 2105
375 429
375 1104
375 1488
375 492
375 118
375 3406
375 194
375 1523
375 127
375 127
375 631
375 279
375 1953
375 3299
375 47
375 1872
375 2113
375 497
375 577
375 563
375 490
375 554
375 1355
375 3143
375 2222
375 2346
375 2734
375 2005
375 565
375 78
375 536
375 1317
375 2740
375 1744
375 1349
375 1106
375 102
375 372
375 3249
375 186
375 1023
375 1402
375 3393
375 235
375 3449
375 309
375 124
375 2531
943 673
72 435
72 88
72 2934
72 201
72 2881
72 753
72 1272
72 1940
72 1407
72 2851
72 317
72 1519
72 3180
72 44
72 422
72 1212
72 1404
72 1886
72 312
72 1613
72 343
72 1799
72 2783
72 499
72 185
72 456
72 301
72 392
72 604
72 234
72 93
72 932
72 27
72 1951
72 1386
72 719
72 1305
72 1824
72 352
72 490
72 1015
72 2615
72 192
72 830
72 2041
72 840
72 758
72 1111
72 48
72 1603
72 221
72 401
72 1270
72 342
72 1014
72 1452
891 362
891 2815
891 2566
891 569
362 264
362 373
362 720
362 1199
362 699
914 1989
574 497
574 266
574 2356
574 1428
574 123
574 490
497 2802
497 1834
1311 1246
1311 89
1311 3216
1311 24
1311 106
3437 39
39 2737
39 1160
39 3430
39 1704
39 289
39 2176
39 350
39 569
39 17
39 440
39 690
39 429
39 636
39 1481
39 1239
39 1765
39 1098
663 105
663 1858
663 1519
663 771
663 498
663 1450
1892 2086
1892 265
1892 128
1892 79
1892 309
1892 2571
2086 530
2223 784
784 398
784 2445
784 1684
784 983
784 80
784 589
784 174
784 2027
784 2647
784 2156
464 227
464 189
464 2584
464 3392
464 2670
464 424
464 525
464 180
464 494
464 1635
464 1554
464 527
227 3371
227 190
227 1397
227 2269
227 2785
227 774
227 262
227 1466
227 187
227 26
227 2092
227 758
227 727
227 674
227 1383
227 122
227 668
227 2443
1017 401
719 2733
719 94
719 487
719 1573
719 3063
719 2681
207 839
207 415
207 44
207 1355
207 246
207 169
207 1390
839 527
839 530
839 223
839 2798
33 444
33 616
33 1316
33 3402
33 1452
444 268
444 1385
444 1666
444 370
444 772
353 2917
353 1474
353 2486
353 3375
353 1992
353 1061
724 442
724 264
724 349
724 2461
724 2363
724 2351
724 3352
422 305
422 2370
422 382
700 1895
700 863
700 470
700 31
700 1529
700 539
700 2193
700 932
700 3369
700 105
700 186
700 527
1895 3308
977 1127
977 1137
977 3072
905 275
905 32
905 2538
905 1883
905 301
905 3484
905 681
1519 494
1519 699
1519 276
1519 614
1519 1453
1519 1333
1519 1245
1519 263
1519 2171
1519 3122
1519 181
1519 133
1519 1503
1519 817
1519 2557
1519 461
1519 105
1519 564
1519 1424
1519 709
494 2578
608 567
608 639
608 1632
608 1443
608 1380
608 953
608 2126
567 1955
352 2763
352 2112
352 2338
352 2699
1335 394
1335 1632
1335 3306
1335 2541
58 377
58 3434
58 1481
377 1268
382 1034
382 3284
382 449
382 1019
1355 3325
1355 1542
1355 1791
1355 234
1355 2922
1355 350
1130 468
1254 553
1254 1411
1254 1394
3036 1037
3036 817
1037 394
1852 2240
892 859
892 502
892 386
892 415
892 171
380 354
380 513
380 3301
380 234
380 496
380 774
380 461
380 3147
380 259
380 1627
380 2246
380 18
3050 1208
3050 1453
1208 172
1208 950
1208 153
1208 2279
1208 256
424 2485
424 79
424 1453
424 955
424 995
876 427
876 948
876 284
876 17
652 2987
652 2300
652 2547
652 265
652 1455
652 236
652 631
1272 204
1272 3440
1272 527
2535 3106
2535 309
2535 1434
2535 2545
2535 3026
1031 3269
921 944
1415 441
1415 1075
1415 806
1415 2692
1415 219
441 86
441 806
441 690
363 2178
363 204
600 3411
600 174
600 644
3411 374
806 1969
806 833
806 3098
806 445
2144 2126
2144 250
2144 1159
1452 2260
1452 2916
1452 727
1452 2256
1452 128
365 1488
365 1453
365 3356
365 1794
365 1903
365 259
365 1662
365 1317
2840 616
2840 616
2840 2166
616 665
616 1431
616 1008
616 3115
616 1439
3399 2036
2036 894
2779 773
773 1903
773 3146
773 189
979 2546
979 400
979 2788
979 492
979 894
1511 263
1511 758
1511 242
1511 931
263 617
263 536
263 1634
263 3381
263 646
263 1663
263 1325
263 1633
263 2214
263 894
263 1076
263 490
263 1976
263 285
263 3343
263 1440
263 1316
658 2015
245 932
245 1317
245 611
245 2065
245 1482
245 927
245 1141
245 61
389 302
1890 449
1890 3049
449 1051
449 1083
449 791
449 1579
449 259
449 586
449 542
449 44
3445 587
3445 1023
400 275
400 2897
400 340
400 699
400 1840
400 1675
276 1451
276 223
276 493
276 1287
276 1589
439 3156
474 129
474 2814
474 499
129 2555
129 2171
129 2854
129 3504
129 1015
1303 1719
178 2691
178 266
178 3346
178 1033
1707 712
1521 3047
431 1477
431 1467
431 995
431 285
431 3136
431 1170
431 1038
189 2304
189 596
189 879
189 2030
189 2690
189 416
1799 2894
1799 2492
1412 306
1412 325
1412 2972
1412 1769
306 1551
306 912
306 1447
306 1348
306 1668
306 846
536 1363
536 727
536 576
527 1805
527 20
527 392
527 576
527 1522
527 1295
527 186
527 186
527 698
527 1803
527 611
527 2585
527 169
527 218
527 275
527 690
527 1283
527 871
527 2893
527 1103
527 3506
527 1630
527 433
527 674
527 2340
527 3490
527 181
527 3340
527 748
527 1564
527 430
527 925
527 1081
527 3033
527 1337
527 1173
527 131
527 1715
527 660
527 316
527 25
1627 1520
1627 2196
1627 146
1627 203
1627 1027
1627 1330
1627 1964
1627 3397
1627 194
1627 2014
1627 1459
1520 491
589 144
589 570
589 861
589 3187
589 932
589 242
589 367
589 2221
589 710
589 273
589 98
589 825
589 1420
589 219
589 1375
589 1116
589 1525
1346 1753
1753 1169
2647 2773
1351 205
1351 1918
205 1904
205 2645
205 2767
205 1819
205 2085
205 981
205 2762
205 3308
205 89
205 169
157 309
157 2104
157 686
157 1732
157 127
157 1354
157 1739
157 323
157 1271
157 1044
309 186
309 236
309 980
309 3386
309 2174
309 369
309 1505
309 517
309 1446
309 1258
309 680
309 88
309 1710
309 1274
309 260
309 2146
309 1246
309 149
309 1664
309 18
309 146
309 92
309 1028
309 1070
309 1566
309 28
309 127
309 1209
309 1183
309 2385
309 1107
309 2008
309 2314
309 2765
309 958
309 492
309 390
309 727
309 1729
309 105
309 170
309 368
309 2503
309 570
309 2890
309 3427
309 3171
309 433
309 1251
309 281
1898 722
722 1465
722 1482
722 720
404 169
404 113
2784 192
192 830
192 918
192 2955
192 542
192 1546
192 2566
192 2566
192 786
234 2837
234 3456
234 204
234 736
234 1480
234 492
234 2031
234 370
234 1026
234 454
234 1857
234 198
234 214
234 359
234 11
234 1369
234 725
234 1626
234 1125
234 1871
234 1822
234 98
234 281
234 1880
234 171
234 615
234 2528
234 261
2837 12
186 37
186 736
186 2558
186 1718
186 1884
186 894
186 2867
186 149
186 1060
186 2200
186 65
186 668
186 1243
186 747
186 239
186 1085
186 1879
186 995
186 144
186 1990
186 2673
186 1741
186 1171
186 1754
186 3289
186 771
186 242
186 2510
186 2713
246 607
246 3359
246 2697
246 571
246 1960
246 1471
607 1092
607 1931
607 2499
607 2170
607 910
607 1438
1164 1817
1275 2020
1488 9
1488 594
1488 657
1488 1965
1488 2226
1488 896
1488 593
369 2818
369 233
716 3386
716 42
3386 368
3386 711
735 3273
735 2968
735 1433
735 3474
2921 1529
1529 720
198 974
198 221
198 675
198 326
198 254
198 280
198 426
198 1086
198 3255
198 1469
198 2182
198 2802
198 1923
198 1400
2861 2782
2935 3195
2935 348
1789 112
112 585
218 1563
218 2316
218 538
218 1446
218 1886
218 3097
218 697
218 299
218 3334
1563 1009
1563 1387
1563 2355
1563 1687
2588 569
311 282
311 144
311 2417
311 285
311 1620
311 2668
282 1514
282 1650
282 1485
282 325
282 279
282 769
282 2044
282 748
209 44
209 3060
209 3297
209 1029
209 2038
209 1908
349 576
349 945
349 748
592 117
592 2350
117 3299
974 37
974 981
2131 284
284 978
284 1612
2048 1340
903 63
1983 1876
1983 374
581 864
581 1803
581 1920
581 202
864 1181
864 1339
864 745
864 1906
3283 2874
165 401
165 3192
165 146
165 146
165 1
165 727
165 2027
165 1481
401 615
401 808
401 526
401 84
401 1618
401 236
401 267
401 398
208 2747
208 3293
208 3074
208 1494
208 2776
208 1701
208 2428
208 2000
208 1393
88 255
88 792
88 1504
1216 826
1216 2106
82 454
82 3471
82 132
82 1574
82 244
82 492
82 872
82 343
752 398
752 2723
398 1745
398 1366
687 2327
687 2540
80 1615
80 453
80 854
80 1869
80 526
80 9
80 917
1615 3151
1615 1297
1615 430
830 3137
830 387
830 275
830 3263
830 1237
830 1949
830 3292
830 917
1307 360
1185 236
1185 2671
1185 360
1185 2869
1185 2749
1185 1321
236 273
236 2581
236 613
236 926
236 675
236 554
236 1640
236 85
236 70
236 338
236 12
236 693
434 259
434 2120
434 2785
105 1001
105 1865
105 1121
105 322
105 1172
105 1975
105 2923
105 2253
105 190
105 3030
325 1437
325 89
325 3214
325 1920
325 690
325 1500
325 596
2208 3163
863 2665
863 585
863 1030
863 1995
863 323
863 2521
863 1138
1599 1232
1599 1347
1633 169
1633 374
1633 825
169 2561
169 644
169 454
169 918
169 2572
169 1903
169 3150
169 149
169 149
169 1809
169 2949
169 94
169 42
169 1417
169 2344
169 1541
169 553
169 285
169 372
169 429
169 1475
169 1625
169 450
169 1228
169 273
699 885
699 1039
470 388
822 762
822 1050
1213 3222
89 230
89 2315
89 3468
89 690
89 1172
89 643
89 1738
89 2251
89 657
230 1787
230 1348
230 783
230 1792
51 394
51 2706
51 1261
51 3072
51 2132
51 825
51 115
17 285
17 1358
17 268
17 982
17 2411
17 516
285 554
285 492
285 288
285 31
1024 3088
954 1345
954 1614
221 2730
221 53
221 545
221 545
221 2859
221 173
221 387
221 1847
221 873
221 254
588 960
588 2024
588 728
3078 2743
492 1077
492 2624
492 1917
492 680
492 1515
492 1554
492 2080
492 626
492 3357
492 1960
492 1323
492 690
492 2915
492 1235
260 1393
260 515
260 1169
1393 968
1393 1058
1393 1807
1393 62
1393 213
1393 3278
1456 1025
1456 328
1456 1593
1025 63
1025 594
1025 767
1025 2600
1025 604
1025 743
956 78
1190 1445
1190 654
1190 1936
1190 615
2075 1606
2271 490
490 1238
490 962
490 2573
490 2603
490 490
490 63
490 115
490 1605
490 119
490 222
490 879
490 828
2479 1541
1088 1437
2491 1611
1611 926
1611 702
1611 911
1903 118
1903 38
1903 570
1903 1499
1903 2113
1903 1374
1903 1798
1903 951
1903 319
1903 1401
1903 435
1903 456
1903 1349
1903 149
1903 3062
1903 37
1903 2836
1903 807
1903 1045
1903 3239
1903 511
1903 109
1903 994
1903 2142
1903 1036
1903 3324
1903 12
1903 2539
1903 3074
1903 1383
225 166
225 1312
225 665
225 2270
225 702
166 2969
3110 155
360 1749
360 985
360 1760
360 372
360 448
360 293
360 3262
360 763
677 37
677 2235
37 1800
37 1207
37 1329
37 1177
37 2168
37 1348
37 452
37 25
37 2654
354 593
354 1642
355 554
355 915
355 1175
355 3338
355 202
355 179
355 1636
355 1804
355 3281
355 1453
355 392
962 249
962 657
962 2732
944 843
944 1976
1077 2162
302 1822
302 20
302 93
302 1723
1453 965
1453 62
1453 733
1453 2856
1822 942
454 297
454 1601
454 373
454 3173
454 2096
454 3334
454 2597
20 1450
20 1691
1156 62
1156 3488
971 2122
118 908
145 1577
145 132
145 508
145 2209
145 1485
145 278
145 1493
145 442
145 1788
29 2580
29 1298
29 415
29 106
29 2948
29 1427
1517 1463
1517 239
1517 2724
1517 1364
1463 2129
1463 733
1642 2611
1642 1544
2158 3067
1451 3367
1451 200
1451 367
1451 554
158 12
158 491
12 2998
12 1782
12 1567
12 202
12 2117
12 2297
733 124
733 695
733 2261
733 1970
684 3034
479 1391
479 926
479 15
479 190
479 479
479 611
479 1913
479 2646
479 2876
980 1924
980 1924
980 261
980 1026
1289 2805
1289 1818
861 1759
861 704
1759 740
2140 1585
2140 1466
697 1462
697 1362
697 372
1462 736
1462 1831
1462 807
1462 3079
1462 147
1462 1390
570 1957
570 18
570 1023
570 266
570 885
570 2561
570 350
570 2373
570 2129
570 657
570 2451
570 507
570 1908
570 2581
570 932
570 590
570 3434
570 777
63 1398
63 455
63 1439
63 132
63 690
63 1396
63 2572
63 1300
63 3461
63 277
63 1934
928 2668
334 1841
334 577
334 279
334 1554
493 1349
493 128
493 3157
493 1486
493 2835
1349 1441
1349 1924
1349 1697
1349 70
1349 93
1349 74
725 1286
725 513
725 1728
725 278
1286 545
1286 641
2920 409
409 1808
409 1600
409 2330
409 2938
1417 2258
1417 1677
312 1916
312 2363
312 629
312 2306
312 1653
312 1435
280 606
280 173
280 3429
280 1390
280 1175
280 432
280 1319
280 1080
333 420
1622 1736
1622 931
1622 1467
1622 1756
856 2348
2617 1917
3336 310
310 1516
310 488
310 1082
310 180
310 912
310 3475
368 2135
368 2593
368 1686
368 1262
368 611
368 1287
455 2181
455 3479
455 3277
455 844
455 2003
206 1720
206 1694
554 3190
554 3428
554 3440
554 170
554 3208
1471 1742
1471 1572
265 3421
265 550
265 42
265 3459
265 3313
265 686
265 244
265 453
3421 952
256 2459
256 857
643 386
643 1009
643 827
529 1312
529 3313
529 3270
775 3334
775 530
3334 1337
3334 2481
2055 998
2055 1450
2055 130
978 278
978 1954
978 1389
2918 1068
2918 392
1630 690
1630 336
1630 2960
1630 846
1630 1014
1630 181
1630 1144
690 2467
690 1392
690 1648
690 2848
690 669
690 2900
690 2931
690 3042
690 1476
690 2689
690 841
287 3258
287 1545
287 1061
287 2631
9 986
9 611
9 731
9 917
9 2556
9 1828
9 1780
899 273
899 615
899 1561
273 764
273 627
273 846
273 2166
273 1644
273 2378
1069 641
641 1438
641 995
538 1230
538 2447
1448 1084
1448 1367
1448 429
1448 1850
3344 2111
2041 1609
1082 463
1082 79
1082 2877
1082 758
463 2835
463 387
463 2975
463 2465
463 373
463 244
463 1376
463 2625
676 1902
3316 2006
3316 1683
223 3076
223 2101
223 1558
223 93
223 3422
3076 720
2174 2781
2181 3261
582 2629
582 1404
582 2529
2629 2231
1915 3486
727 604
727 858
727 372
727 1595
727 2201
727 182
727 1492
727 214
727 2250
727 1319
727 1475
727 634
727 646
727 2511
1934 736
736 1758
736 569
900 657
900 61
657 671
657 853
657 1434
657 281
657 261
657 1988
661 2031
661 1267
661 2562
661 372
661 2215
54 370
54 1965
54 1218
54 1828
370 453
370 625
370 3130
370 85
370 2100
370 2986
370 3476
370 2989
370 720
370 3141
370 2265
370 2830
1919 1
594 343
594 926
594 436
513 883
1423 331
1423 279
331 669
1466 1621
1466 2082
1466 1614
1466 2858
1466 794
1466 146
1466 671
886 1266
886 3480
886 610
886 3004
886 388
886 2013
1266 1389
1266 94
932 901
932 2102
932 76
932 1610
932 2774
593 426
593 1631
593 1886
593 1635
593 1337
1758 2911
1758 781
1758 1133
1758 426
1758 1634
1758 1399
1758 1705
392 544
392 530
392 1175
392 1048
392 1101
392 170
1265 1288
774 2797
774 2162
774 1408
2062 294
294 319
314 965
965 3463
965 814
965 2643
3324 1864
1864 1372
1864 1018
1864 1475
1864 171
2106 437
2106 880
901 2693
2610 1579
2610 163
1579 2205
1579 1110
2887 1398
1398 373
1398 2572
1398 2855
1398 2110
1398 1644
1398 1033
1235 277
1235 3465
1235 1410
1235 1968
1235 739
1235 1293
3252 1734
1725 848
985 3155
2031 611
2031 115
1595 2925
1595 694
1595 328
1595 1447
1595 1419
1595 1554
1595 3160
1595 1358
1720 181
496 267
496 1387
267 749
267 78
267 623
3260 545
545 231
545 2219
545 1207
266 57
266 535
266 1507
266 1182
825 5
825 1688
825 425
825 1390
825 631
825 796
665 228
2829 348
348 91
348 1543
3314 94
94 1750
94 1858
94 994
94 2991
94 2516
94 485
94 2862
1826 2930
1826 3288
1826 3169
720 2134
720 630
720 3109
720 1865
720 149
2134 3115
132 79
132 1480
132 2362
867 2950
867 1921
867 1966
277 1941
1337 1046
1337 254
1337 1359
968 534
994 1949
994 1485
759 2552
2552 1655
1450 2059
1450 250
1450 1087
1450 1901
1495 805
1495 1215
805 1207
805 1657
805 364
1507 751
18 708
18 2515
18 2133
18 2372
144 2750
144 692
144 872
144 544
144 1328
144 1479
113 2839
113 1175
113 2657
2839 884
367 1588
367 846
367 1555
367 3244
367 672
38 2962
38 3254
38 143
1624 2905
1624 612
1624 104
1394 804
1394 1053
804 1071
804 255
2666 62
62 862
62 1649
62 870
62 549
62 1186
62 1653
248 2254
394 255
394 128
357 1406
357 981
357 868
357 1632
357 2170
357 2623
357 305
357 1094
1501 2257
1501 3352
1631 1632
1631 379
1631 1320
1632 1404
1632 1410
1632 76
1632 372
1632 780
648 1651
2173 1310
2173 185
2173 476
1310 262
2754 2302
196 143
196 1343
196 2470
196 743
196 0
196 1569
443 1534
443 615
1534 2906
146 586
146 1022
146 343
2808 1837
2047 1383
3233 1410
1410 1858
820 2058
820 3046
820 2439
820 1602
820 552
820 3031
174 345
174 821
174 1165
174 562
25 3388
25 350
25 3126
1610 2807
2807 571
970 3114
219 56
219 810
219 2482
219 2199
219 2700
2649 2242
2649 1953
172 2368
172 244
172 1886
172 3053
576 445
675 108
675 2424
675 1175
675 170
675 1096
675 477
2178 1756
639 16
769 880
1455 2497
1066 3137
2442 913
913 950
913 622
913 1889
913 1484
913 173
913 1661
913 379
261 949
261 2644
261 3204
1054 395
395 1144
415 111
415 92
415 5
275 3054
275 518
275 2928
275 1813
275 3299
275 437
259 709
259 548
259 1348
259 1493
259 907
259 621
1368 1034
1368 425
591 2885
3028 3003
615 3379
615 1953
615 1648
615 2478
615 2786
3379 532
3326 1751
1751 650
1751 532
1751 347
403 2229
403 2720
2583 371
2583 1493
2583 596
2583 931
2583 1604
371 1635
371 428
371 3043
371 2177
371 798
371 1496
371 1040
1225 3318
386 1635
386 2420
386 2070
386 2547
530 1327
530 2622
530 2121
530 213
530 2324
530 430
530 2634
1533 1984
242 1798
242 44
252 532
1505 542
3312 3256
379 179
379 179
379 78
379 1637
379 2865
379 757
379 3115
379 1685
179 1706
179 1815
179 1043
1205 1389
1312 499
319 481
111 3426
111 748
461 3162
461 1888
149 909
149 2974
149 1858
149 476
149 1981
149 1155
149 571
149 1028
1023 1405
1482 1871
1482 1401
1120 2973
2548 1865
1865 44
32 571
32 2103
32 621
32 44
32 1202
2399 1184
1070 1446
1070 2660
1070 84
1446 1465
1446 988
1446 3483
1614 451
1614 611
1614 222
1614 96
468 1022
159 573
573 1153
1324 1779
1169 571
2662 2909
2662 397
1916 457
1916 3447
1916 318
1916 79
491 1145
1858 344
1858 73
1858 3025
1858 44
1858 264
1858 79
1858 1666
1858 2339
1858 3196
1858 2345
344 2164
433 685
433 1263
433 337
433 1361
685 318
2157 410
2157 2884
410 1933
410 923
3403 1277
1277 1197
301 387
301 1112
301 1329
301 1399
301 408
917 295
917 2060
917 139
917 1198
714 164
714 3385
586 1046
586 47
586 2810
586 568
586 1963
586 975
586 2256
1360 429
429 2814
429 2718
429 1075
429 873
453 2124
453 281
453 880
453 303
1613 1728
1728 3152
2363 2294
2291 849
1392 597
2998 1512
1512 373
1512 1497
435 1382
435 973
1634 1480
1634 754
1634 2232
1634 1481
1918 2919
2143 533
281 807
281 2831
281 3355
281 65
1953 420
372 1063
372 465
372 2361
372 1461
372 3266
372 66
372 2274
372 2046
372 1370
372 964
372 1876
372 1629
372 2183
1904 3418
1592 2352
2600 981
981 756
981 772
981 2570
3353 2401
3353 1183
3353 669
948 3374
948 2864
612 278
612 2891
612 1365
278 3354
278 709
278 2975
278 2098
278 541
411 1939
201 1862
201 3343
708 1012
1539 2860
552 1568
552 1388
1522 745
1465 2746
840 1863
840 119
840 1662
840 2387
840 3352
840 2128
840 740
544 1673
544 160
544 989
544 2534
2665 475
2661 1658
2661 2934
3259 1344
1344 1121
559 171
2317 3308
3308 1296
3308 1457
1836 2613
3165 3301
3301 713
93 152
1617 499
3014 3038
1993 819
1993 1587
1993 412
1618 107
388 1407
1644 1458
1644 1126
807 1468
807 814
807 84
807 469
671 862
671 47
671 3351
3441 1000
1674 996
995 3337
995 1226
995 951
995 2276
1975 2872
167 3444
1308 2506
1358 884
1358 2533
1358 1808
596 1554
596 3496
596 1032
596 1619
596 1671
3371 926
611 2952
611 2940
611 3431
611 2263
611 880
611 1160
611 407
79 894
79 2421
79 1231
79 475
894 86
894 2547
376 2996
2139 1159
1044 2862
2862 1096
416 2241
228 1730
228 3404
2060 1103
76 823
76 397
76 1959
76 2842
76 1036
604 1952
604 342
604 2049
694 2553
694 52
694 1667
694 2458
694 1309
2553 2798
2581 11
3327 197
3327 2081
628 1905
628 1794
262 2120
262 3446
262 2325
262 255
44 1886
44 3246
1713 982
2368 1763
539 1036
926 298
926 87
477 788
477 629
466 190
190 3363
190 279
190 2525
315 3374
315 1106
315 2566
194 3240
387 2693
3209 489
3209 323
1074 2586
47 2436
3337 1145
342 308
587 1252
426 2052
426 268
426 3303
426 1907
1849 534
1849 1752
1502 2895
1295 2322
1295 1102
1884 3504
1635 2425
1635 2022
358 1401
358 1653
1401 2175
264 758
264 1937
264 418
264 1468
264 300
397 2999
397 3275
397 879
397 3351
397 1928
254 1371
254 1445
254 2218
254 1390
254 412
254 1573
1093 2512
1228 239
1228 941
1228 1620
373 1748
373 3069
373 78
373 283
373 1229
2869 2133
1494 1515
1515 2946
1515 1161
742 2878
3192 2474
3313 2176
571 440
571 42
571 879
571 161
571 2397
571 1664
1372 2758
1372 3035
1372 2614
1151 583
1151 1796
758 102
758 1897
758 3450
758 1113
758 3057
43 1209
43 1999
43 1976
43 74
1480 1016
1480 672
340 244
91 336
1444 430
2029 1377
1377 1399
2923 3212
1467 768
1467 3012
1467 2877
846 1250
846 910
1461 862
1461 1684
858 156
858 2175
858 1350
749 2303
73 1959
73 3338
1016 634
1016 126
1457 440
440 3438
440 1317
440 440
613 884
613 3328
618 2307
618 765
618 1005
618 203
618 1468
618 3453
618 1928
2169 268
2169 1893
268 2651
268 1294
268 2627
695 106
695 156
425 542
425 1132
1514 3247
1175 2148
1175 1207
3037 3454
2554 1722
1722 329
100 703
364 1573
364 3101
766 922
1230 3370
140 2438
140 341
140 2217
140 244
140 2721
140 1774
1018 1509
2113 2830
800 84
84 2513
84 1040
84 2577
84 3007
84 526
1411 374
1411 1978
1411 2138
98 3361
98 1064
98 668
740 1189
740 1321
185 2203
3291 2853
3291 3417
1580 1912
1580 170
1912 2648
1912 1097
1912 972
1912 3091
2053 3392
2833 1873
2415 821
776 2755
1004 406
1900 2161
3501 785
2612 1596
1596 255
1596 3251
1596 337
1499 2366
3048 2410
214 877
214 2764
350 1752
350 3021
350 1730
488 1256
535 1586
535 2533
535 128
1121 2227
2823 2717
2336 3111
853 442
525 1390
1316 2484
3330 2971
1067 1923
1454 2463
1454 3285
499 519
499 2560
499 2771
499 1280
519 3175
519 1438
519 729
1653 3133
3425 558
1601 1399
305 2427
305 1746
305 835
305 1899
305 134
1357 2804
1357 3257
1357 2264
2477 161
161 56
161 1493
1173 835
1173 3303
1173 542
1407 957
2465 1623
1246 1576
1246 528
1718 542
1658 2590
2256 3300
2256 958
2256 987
3300 547
3300 3234
1493 462
1493 303
1493 2961
1493 2609
1659 2188
1327 3295
1327 3160
343 1108
343 2613
343 1304
1708 1798
1497 1427
532 2473
532 3093
1589 2421
2421 482
2421 1851
239 2028
239 3400
239 1468
239 976
239 2794
2751 504
1680 1545
1545 2534
1798 1481
1798 1944
2538 3452
1329 585
1329 911
1207 3138
1830 1823
1887 53
2951 2789
1840 1075
4 14
125 2863
2618 2051
644 622
1434 2646
1395 987
1395 520
1090 2382
1090 2335
1090 36
163 173
173 2640
173 53
173 696
173 842
173 11
430 1554
430 152
2848 65
2187 2985
710 843
710 2138
3406 303
1043 1755
1470 2393
1470 1976
1022 1868
1022 1011
1888 1106
1888 1619
1888 323
1888 2863
669 22
669 1317
3074 1399
3074 476
1571 1875
53 2152
53 3478
1748 1645
156 1846
156 2653
2409 1348
1348 2766
1348 1284
2675 2105
341 1117
1158 1020
1404 171
1404 1976
1404 1963
1404 332
2179 212
2179 2282
2207 879
300 2197
300 279
3296 2146
640 2542
1750 1940
70 2148
70 1442
70 590
70 531
70 2490
70 3380
2103 2286
1416 3005
1416 1075
2176 3431
255 2776
255 2907
1221 723
1389 1553
1389 3469
884 2655
884 3351
884 817
2772 1886
1886 1472
1886 817
1886 92
1886 2937
1886 546
2129 2843
987 2505
1485 2175
1485 1661
2716 222
222 1279
222 2543
666 2298
666 3235
666 3144
476 3096
2568 1548
250 304
250 2369
3206 973
1341 3376
181 760
181 462
1786 3368
78 3455
78 831
78 568
2054 74
2054 1705
74 347
74 1027
74 171
74 1002
74 1771
74 1857
934 3115
934 1107
934 1125
934 2402
3115 1124
442 664
442 1987
3183 1827
1026 810
1026 1387
1159 1047
1183 3333
3333 1694
3125 420
1219 436
1219 2870
1219 2914
436 2040
303 2780
303 1271
303 2100
303 1033
868 1129
2603 2164
2572 48
48 2544
48 580
1698 2287
1399 1408
1399 3464
1399 2319
1907 3350
1907 1705
1907 2042
1907 2582
3350 2163
1020 1526
328 951
2310 1525
1525 1168
542 1057
542 3462
688 40
1105 1188
1664 1128
2504 933
345 2683
345 3347
345 2489
957 3245
721 3154
721 2834
1928 292
664 1623
664 202
1623 1956
1607 3177
2192 171
171 2239
171 1802
171 1972
171 170
171 3282
1893 55
462 1938
462 2517
1578 3051
471 1605
471 177
471 1283
478 1700
478 2753
989 717
989 1500
989 103
1027 1652
1468 1769
1468 2672
2084 906
2084 931
660 1950
3343 2262
3343 1660
233 347
1204 2308
610 3431
848 2141
2524 2027
2524 1882
745 42
0 1019
0 87
585 940
3307 3044
2184 2908
2184 2789
1076 2704
2788 327
2788 2416
810 2501
2785 1559
1160 1938
1160 2577
1859 2947
1859 229
1859 2145
1859 904
428 279
428 1116
3220 332
332 92
332 279
332 2000
332 1373
332 949
668 869
3358 1009
798 3218
1314 966
1739 279
1739 170
1229 2632
1229 633
2279 87
2279 2913
2858 2509
2149 2079
2149 1729
2534 2826
2094 3457
2094 1781
177 3320
177 557
3072 1115
1318 42
1318 3029
42 3439
42 1910
42 3460
42 1821
1055 85
2692 1236
487 808
3009 1730
3009 3133
1730 2551
1730 170
329 2701
2161 2153
2770 748
748 2323
1177 1820
445 1445
445 1432
1481 2318
127 1527
3142 2145
3279 2118
182 642
182 2464
1319 3188
3176 1560
1704 3500
1354 1638
1354 961
1390 2962
1390 2968
1390 187
1390 1424
569 1172
1486 3366
432 2607
2014 271
541 121
541 92
541 1484
1870 2907
2004 3201
3200 56
56 1669
56 2957
3068 3061
1662 1301
1662 2778
1662 1347
92 1727
1926 920
1252 3310
1252 890
842 1538
3472 841
1582 1129
1441 116
1752 437
308 1255
308 3390
308 2688
3347 1813
3347 1285
1214 3352
2377 1629
128 2450
549 2902
3424 6
6 1331
2089 1562
629 1192
2599 1202
575 2018
575 3436
2018 2423
1149 23
1974 2566
2390 1223
1813 2347
450 3348
473 1874
1823 2035
187 3378
323 2689
323 1540
323 919
2689 584
1075 1738
2125 728
1991 2466
115 14
3010 456
456 2273
456 2705
2582 1639
2582 3134
2582 1150
2582 3382
2959 339
339 763
339 1834
623 2277
717 3451
717 2224
1147 1714
1442 3199
1442 993
1442 1531
1442 1504
1442 2924
2977 318
1684 2172
2172 1504
2172 705
1248 2007
1241 446
1241 1862
2119 2828
1338 2091
1338 1200
2776 1426
1212 2024
1326 3032
66 939
547 2268
1194 2557
1194 3159
1966 3221
1966 87
1438 924
1929 1835
1929 2825
872 2715
872 2635
1709 2741
139 1089
3272 1178
135 202
135 1528
1608 2413
1506 35
1506 2195
35 2190
1995 3145
1665 2441
1030 557
557 3405
3398 2039
1705 3413
1705 2932
1705 906
3413 2360
2577 2010
412 2809
1378 1061
1961 1569
1961 1770
2275 1139
1469 832
2043 2245
2043 1935
1504 2455
1504 2109
3397 1897
2882 2710
3149 654
2280 1881
732 3317
2758 2941
889 1361
1361 2994
126 878
528 1014
291 829
2514 3089
3229 992
2783 1740
2783 1099
880 2380
880 795
1850 1597
1597 2820
1597 802
1828 2494
1897 3492
1347 3119
1818 936
3243 1052
1052 2391
1425 1695
170 635
170 2527
170 1269
170 3349
1217 2069
2825 3087
320 3191
2929 1958
1165 3001
860 3082
2152 523
2454 3039
61 361
1566 1913
2163 1062
1061 2875
1048 3168
1243 1091
3135 1118
1927 3116
2068 1963
1015 3095
3131 1342
1342 3331
3178 2073
1555 2154
2989 1693
2358 3332
2537 2559
1941 1843
1778 2198
2650 3099
1879 1913
2775 937
1032 1986
2678 2945
1424 689
1911 2822
556 2967
1976 691
2323 2633
2444 2731
2295 2984
702 2033
949 3182
3299 13
327 1795
1010 2121
674 1861
510 2130
1095 2142
3240 447
814 656
814 947
2160 1291
2182 566
2850 1231
2096 1948
3083 3416
3416 114
1087 818
2312 3140
1375 2230
1273 1336
1876 1384
1932 3382
2668 655
110 1832
1962 2793
2266 3022
2468 1971
2159 1925
2159 3408
1352 1762
3133 2532
673 1330
672 2817
803 2137
2137 2210
1162 2476
437 1994
2587 3158
2353 1198
1155 2057
2523 1206
910 2384
3384 3274
2379 1654
2846 2550
1253 1080
2471 3055
2832 2756
1773 595
936 2296
1271 3112
3160 2309
2281 104
2816 2507
296 2109
946 1527
739 2305
739 2064
739 2663
114 2722
1543 755
3401 2017
2483 1854
730 1839
283 3489
1565 2943
103 1804
790 3081
2589 391
651 3236
1440 3056
1616 2107
3494 1490
1776 3019
3198 3495
3466 746
3231 19
3117 1703
1943 3015
1508 1122
693 2095
269 1922
2480 834
650 2249
1696 811
2138 851
1191 930
2912 1487
3224 1647
2674 3469
1793 3041
2326 2520
413 3268
3377 925
3286 3470
1292 2883
1518 2956
3127 2040
2341 2953
3016 211
2147 96
2234 1290
1690 2819
3362 3387
2966 620
3090 637
1946 3265
3017 3499
2728 2601
2796 2185
1856 2066
1682 2927
2005 460
2349 1163
321 512
408 813
1491 845
2202 3502
3497 2744
1278 2394
2488 423
3094 2238
2384 3024
707 3179
3322 2472
3203 2446
1131 2777
2116 3161
2331 3184
2757 258
2021 761
2907 2536
3372 3389
3298 638
984 2354
2077 2868
2602 2433
2686 3000
3052 2272
2703 2630
2404 801
2682 929
