0 974
0 395
1 498
2 72
3 379
4 153
5 110
6 465
7 37
8 93
9 43
10 131
11 398
11 348
11 124
11 553
12 138
13 999
13 315
13 465
14 96
15 648
16 651
16 174
16 382
17 996
18 855
19 275
20 43
21 150
22 794
23 366
23 666
23 495
24 208
25 424
25 916
25 143
26 545
27 497
27 375
28 836
29 161
30 616
31 328
31 779
31 498
32 306
33 498
34 265
34 370
35 690
36 442
38 236
39 326
40 498
40 414
41 174
42 314
43 797
43 498
43 861
43 125
43 952
43 278
43 142
43 883
43 75
43 870
43 846
43 156
43 559
43 561
43 833
43 364
44 210
45 174
46 661
47 430
48 588
49 331
50 488
51 849
52 478
52 524
53 156
54 176
55 166
56 539
57 429
58 773
59 676
60 556
61 388
61 631
62 674
63 296
64 498
65 566
65 435
66 909
67 981
68 769
69 183
70 496
71 815
72 961
72 162
72 830
73 445
74 498
74 767
74 990
74 751
74 106
76 459
77 250
78 966
79 321
80 801
81 136
81 632
81 833
81 393
82 238
83 226
84 155
85 287
86 476
87 993
87 366
88 498
89 495
90 531
91 853
92 791
94 955
95 422
95 308
97 365
98 650
99 342
100 283
101 167
102 622
103 664
104 604
105 548
106 875
106 166
106 499
106 247
106 735
106 650
106 110
106 256
106 308
106 893
106 286
106 827
106 806
106 741
106 715
106 864
106 208
107 174
108 498
109 938
110 941
110 587
111 261
112 905
113 696
114 382
115 772
116 535
117 700
118 946
119 956
120 415
121 830
122 650
123 732
126 646
127 610
128 216
129 219
130 243
132 760
133 498
134 871
135 658
136 378
137 938
139 771
140 346
141 165
142 296
142 457
144 833
145 614
146 578
147 860
148 641
149 270
150 693
150 992
150 602
151 460
152 799
152 549
154 498
157 798
158 171
159 730
160 976
161 361
163 245
163 642
164 877
165 873
165 364
165 806
165 411
165 834
165 999
165 436
166 343
166 741
166 340
168 316
169 325
170 741
171 897
171 382
171 799
172 382
173 755
174 852
174 743
174 498
174 536
174 805
174 227
174 322
174 416
174 365
174 382
174 318
174 453
174 950
174 690
174 807
174 489
174 880
174 516
174 968
174 285
175 605
177 996
178 598
179 833
179 429
179 329
179 336
179 498
180 706
180 365
180 293
181 710
182 929
184 342
184 498
184 956
184 365
185 200
186 294
187 865
188 538
189 638
189 393
190 286
191 832
192 429
193 347
194 493
194 500
195 394
195 296
196 437
197 410
198 956
199 498
199 444
200 972
200 887
200 833
201 345
202 641
203 498
203 712
204 954
205 884
206 327
206 946
207 233
208 867
209 528
209 609
211 552
212 432
213 259
214 319
215 777
216 574
217 365
218 297
219 604
220 817
220 311
221 713
222 956
223 585
224 519
225 941
228 426
229 346
229 845
230 795
231 267
232 328
234 808
235 998
235 243
237 837
239 532
240 360
241 942
242 324
243 816
243 572
244 443
246 833
248 828
248 951
249 517
250 874
251 436
252 896
253 841
254 540
254 390
255 542
257 382
258 498
260 991
262 481
263 933
263 759
264 311
265 759
266 723
268 601
269 891
271 822
272 653
273 310
274 944
276 882
277 580
279 610
280 649
281 498
282 814
284 400
285 433
286 821
288 498
289 491
290 498
291 671
292 498
292 790
292 975
294 900
295 467
298 570
299 934
300 793
301 304
302 531
303 427
304 788
305 949
307 753
309 678
311 941
311 520
312 469
313 658
317 586
319 380
319 385
319 681
319 834
320 359
323 920
328 915
330 833
332 594
333 619
334 498
335 342
336 806
337 498
338 419
339 989
341 948
341 869
342 498
342 350
343 617
344 894
344 722
345 703
346 713
346 830
346 470
346 374
346 376
349 498
351 527
352 411
353 963
354 357
355 498
356 994
357 440
358 890
360 813
362 619
363 881
364 708
365 498
365 634
365 742
366 655
367 621
367 524
368 996
369 719
370 699
370 392
371 707
372 759
373 756
376 511
377 943
378 639
381 803
382 853
382 745
382 603
382 653
382 498
382 629
382 387
383 670
384 640
386 833
389 606
391 604
393 833
393 460
396 752
396 620
397 901
398 844
399 996
401 783
402 985
403 842
404 656
405 635
406 523
407 701
407 960
407 484
408 498
409 600
412 434
412 524
413 854
413 449
413 525
413 725
413 511
413 498
417 579
418 498
419 645
420 786
420 749
421 938
423 765
424 978
425 685
428 859
429 667
429 610
429 573
429 843
429 485
429 631
429 581
431 583
436 509
437 921
438 665
439 506
441 803
443 468
445 885
446 514
447 610
448 599
450 498
451 928
452 682
454 479
455 657
456 879
458 889
461 578
462 938
463 498
464 746
466 604
466 835
466 591
471 833
472 475
473 741
473 816
474 922
477 932
480 850
481 673
481 507
482 763
483 925
483 791
484 647
486 604
487 594
488 600
488 826
490 664
492 498
492 847
494 689
498 567
498 894
498 634
498 604
498 918
498 934
498 988
498 628
498 722
498 543
498 764
498 539
498 857
498 502
498 810
498 529
498 898
498 959
498 766
498 831
498 833
498 740
498 911
498 992
498 612
498 537
498 773
498 594
498 593
498 655
498 964
498 919
498 838
498 692
498 775
499 720
501 934
503 802
504 894
505 659
505 904
508 557
510 895
511 686
512 781
513 729
515 762
518 886
521 906
522 736
522 812
524 731
526 930
530 610
533 811
534 960
541 851
544 594
544 977
546 683
547 902
547 773
550 826
551 714
554 835
555 660
556 792
558 833
560 618
562 973
563 800
564 669
565 946
568 858
569 719
570 990
571 680
575 923
576 754
577 942
582 758
584 789
589 868
590 597
592 750
593 941
593 959
594 787
595 759
596 704
599 835
600 888
600 812
600 627
600 654
600 982
600 734
600 829
600 738
604 776
604 997
604 804
604 697
604 819
604 675
607 839
608 784
610 987
611 828
613 652
613 983
614 913
615 766
623 751
624 643
625 756
626 688
630 958
633 941
636 935
637 995
644 941
645 702
650 782
652 741
653 908
662 728
663 814
668 833
672 774
677 976
679 881
684 760
687 721
691 848
694 970
695 751
698 986
705 939
709 828
711 737
715 894
716 937
717 728
718 919
724 928
726 957
727 733
735 739
741 796
741 945
743 884
744 820
747 895
748 778
757 914
759 941
759 899
761 780
768 947
770 924
773 980
785 910
809 830
809 876
809 851
815 987
816 962
817 828
818 970
823 931
824 912
825 878
833 856
840 979
853 927
862 871
863 907
866 892
868 895
872 967
892 971
892 926
895 987
903 917
919 926
936 941
940 965
948 983
953 996
969 984
