0 308
1 675
2 870
3 961
3 246
4 247
5 417
6 639
7 854
7 813
7 737
7 691
7 762
7 603
7 864
7 12
7 567
7 22
7 580
8 416
9 455
10 675
11 985
13 732
14 258
14 618
15 241
16 389
16 402
17 364
18 907
19 859
20 675
21 361
21 279
23 663
24 415
25 906
26 367
27 985
28 126
29 446
30 41
31 408
32 991
32 283
33 849
34 891
34 210
35 691
36 718
37 915
38 425
39 846
40 269
42 331
43 578
44 457
45 266
46 135
47 818
47 775
47 357
48 330
49 293
50 240
50 655
50 502
51 758
52 668
53 99
54 987
55 200
56 745
57 545
57 557
58 329
59 439
60 962
61 207
62 301
62 188
63 714
64 325
64 566
65 674
66 675
67 197
67 453
67 514
67 362
67 434
67 447
68 365
69 604
70 879
71 582
72 900
73 386
74 981
75 861
76 734
77 339
78 900
79 275
80 168
80 425
81 580
82 456
82 210
83 977
84 218
85 248
86 870
86 848
87 139
88 444
88 779
88 691
89 730
89 442
90 386
91 691
92 900
92 307
92 138
92 928
92 803
93 131
93 870
93 666
93 133
94 490
95 655
96 175
97 249
98 680
100 376
100 202
101 224
101 913
102 756
103 870
104 458
105 212
106 764
107 583
108 774
108 856
109 323
110 704
111 120
112 146
113 429
113 585
114 251
115 701
116 635
117 652
117 129
117 148
117 714
118 712
118 181
118 208
119 519
121 691
122 538
123 383
124 407
124 460
125 614
126 941
127 793
128 764
129 846
130 453
132 227
134 786
136 643
137 319
140 242
141 637
142 641
143 363
144 508
145 873
147 169
147 329
149 374
150 957
150 517
151 917
152 638
153 356
154 446
155 433
156 485
157 605
158 550
159 727
160 603
161 549
162 870
162 713
163 581
163 439
163 556
163 833
163 839
163 691
163 560
163 358
164 921
165 955
166 570
167 547
170 446
171 336
172 652
173 377
174 812
175 806
176 536
177 302
177 907
178 282
178 412
179 396
180 480
182 422
183 487
184 717
185 641
185 446
186 203
186 347
187 195
189 927
190 429
191 691
192 355
193 473
194 220
196 948
198 243
199 413
201 675
204 644
205 695
205 825
206 850
209 453
210 573
211 429
213 429
214 920
215 219
216 965
216 760
217 917
221 253
222 852
223 248
224 428
224 655
225 318
225 808
226 235
228 815
229 983
230 937
231 696
231 787
232 942
233 973
234 474
236 378
237 720
237 303
237 759
238 367
239 305
241 913
244 587
245 903
248 624
250 939
252 731
254 851
255 370
256 946
257 777
259 945
260 273
260 851
260 325
261 439
262 349
263 773
264 635
265 481
267 521
268 970
270 858
270 726
271 453
271 870
271 723
271 598
272 367
274 386
275 654
276 278
277 714
280 459
281 333
282 446
284 655
285 969
286 991
286 470
287 462
288 328
288 819
289 840
290 984
291 978
292 449
294 870
295 703
296 625
297 867
298 655
299 610
300 890
303 329
303 913
304 744
306 900
309 877
310 976
311 683
311 894
312 630
313 441
313 780
314 942
315 870
316 720
317 901
320 675
321 403
322 845
323 582
323 884
323 415
324 486
325 522
325 430
325 580
325 631
325 972
325 640
325 421
326 483
327 610
328 565
329 997
329 960
329 335
329 571
329 653
329 603
329 406
329 487
332 408
334 350
336 750
337 648
338 633
340 902
340 455
341 702
342 924
343 542
344 424
345 400
346 533
348 528
351 887
352 907
353 648
354 796
357 694
359 629
360 988
362 986
366 747
367 513
367 909
367 876
368 913
369 733
371 615
372 543
373 467
374 380
375 741
375 716
378 531
379 498
380 498
381 600
382 779
384 626
385 691
386 506
386 479
386 888
386 807
386 661
387 645
388 870
388 760
390 724
391 913
392 566
393 709
394 934
395 831
395 722
397 895
397 603
398 933
399 416
401 598
402 535
402 754
404 874
405 954
405 839
406 680
409 714
410 580
411 675
413 974
414 923
416 904
416 958
416 705
417 553
418 923
419 488
420 778
421 538
422 503
423 870
426 465
427 922
429 698
429 925
431 771
432 933
435 616
436 682
437 507
438 698
440 443
444 748
445 775
446 824
446 540
446 883
446 649
446 851
448 874
450 621
451 580
451 515
452 526
453 788
453 776
453 978
453 710
453 889
453 996
453 893
454 484
456 611
459 607
459 861
459 801
460 689
461 593
461 465
463 749
464 492
465 855
465 502
466 836
467 908
468 730
469 705
471 805
472 566
475 870
476 985
476 747
476 931
477 827
478 838
482 835
483 720
483 497
485 623
487 678
487 794
489 580
490 950
491 886
493 647
494 600
495 782
496 938
499 912
500 550
501 728
502 555
504 632
505 804
509 772
509 812
510 857
511 896
511 644
512 832
514 548
516 580
518 671
519 907
520 788
523 780
524 979
525 596
527 926
527 580
529 788
530 617
532 870
534 640
537 757
538 691
539 842
541 841
544 770
546 991
546 574
546 866
551 640
552 613
552 900
554 675
558 595
559 977
561 900
562 955
563 885
564 804
566 741
568 588
569 863
572 899
575 634
576 967
577 811
579 675
580 775
580 648
583 795
584 799
586 985
589 828
590 900
591 998
592 971
594 880
597 667
598 725
598 900
598 816
598 652
599 603
600 792
601 975
602 865
603 675
606 826
608 752
608 919
609 992
612 870
616 992
619 983
620 985
622 648
627 952
628 769
633 680
636 870
640 697
640 751
642 870
646 862
648 707
648 672
648 767
648 943
650 860
651 675
655 814
656 675
657 974
657 994
658 913
659 801
660 974
662 697
662 747
664 722
665 822
669 809
670 878
673 949
673 746
675 691
675 690
675 914
675 817
675 881
676 895
677 869
679 858
681 918
684 807
685 749
686 930
687 715
688 974
691 895
691 788
692 937
693 711
699 892
700 783
706 785
708 766
708 953
709 761
709 764
709 853
712 870
714 837
714 747
719 802
720 944
720 749
721 820
722 812
729 907
735 784
736 813
738 749
739 900
740 830
742 999
743 959
747 882
749 834
753 982
755 856
763 813
765 968
768 821
771 966
774 900
777 963
781 994
789 799
790 834
791 907
792 916
797 823
798 948
800 870
810 897
829 972
834 989
838 932
839 875
843 898
844 984
847 935
868 900
870 872
870 951
870 947
870 972
871 913
886 940
905 984
910 995
911 939
929 956
936 980
964 994
973 974
990 993
