0 742
0 171
0 114
0 65
0 16
0 500
0 646
0 28
0 60
0 6
0 146
0 610
0 543
0 4
0 245
0 852
0 147
0 13
0 111
0 91
0 440
0 26
0 917
0 244
0 2
0 172
0 48
0 137
0 19
0 333
0 120
0 388
0 95
0 180
0 145
0 251
0 23
0 222
0 201
0 352
0 445
0 38
0 45
0 340
0 49
0 204
0 10
0 46
0 385
0 32
0 981
0 328
0 94
0 29
0 157
0 210
0 408
0 3
0 764
0 170
0 150
0 283
0 834
0 700
1 842
1 487
1 283
1 886
1 828
1 34
1 63
1 213
1 16
1 11
1 259
1 497
1 48
1 455
1 846
1 849
1 175
1 214
1 131
1 236
1 170
1 272
1 176
1 118
1 204
1 659
1 570
1 984
1 69
1 939
1 893
1 676
1 4
1 445
1 202
1 3
1 715
1 61
1 216
1 231
1 628
1 253
1 70
1 7
1 103
1 427
1 755
1 29
1 10
1 834
1 631
1 250
1 80
1 647
1 571
1 127
1 889
1 155
1 126
1 169
1 410
1 153
1 325
1 235
1 490
2 628
2 706
2 399
2 552
2 26
2 468
2 679
2 344
2 291
2 759
2 413
2 319
2 264
2 196
2 116
2 618
2 339
2 316
2 172
2 229
2 6
2 379
2 185
2 191
2 12
2 17
2 7
2 54
2 378
2 562
2 989
2 902
2 44
2 57
2 487
2 158
2 120
2 129
2 613
2 201
2 55
2 566
2 5
2 827
2 775
2 816
2 299
2 76
2 78
2 134
2 503
2 146
3 382
3 399
3 7
3 42
3 85
3 12
3 16
3 105
3 597
3 772
3 57
3 160
3 393
3 125
3 15
3 54
3 725
3 24
3 63
3 366
3 23
3 655
3 218
3 147
3 479
3 73
3 311
3 223
3 75
3 230
3 567
3 936
3 941
3 442
3 89
3 558
3 905
3 13
3 231
3 699
3 777
3 131
3 300
3 303
3 504
3 294
3 782
3 950
3 632
3 242
3 845
3 59
3 17
3 264
3 22
3 127
3 565
3 28
3 336
3 305
3 50
3 140
3 4
3 930
3 539
3 259
3 554
3 114
3 61
3 738
3 946
3 939
4 224
4 186
4 467
4 21
4 17
4 142
4 92
4 32
4 334
4 47
4 55
4 147
4 26
4 941
4 40
4 201
4 743
4 164
4 466
4 72
4 360
4 637
4 124
4 112
4 847
4 706
4 176
4 28
4 536
4 653
4 253
4 642
4 447
4 906
4 588
4 670
4 215
4 103
4 408
4 800
4 44
4 58
4 42
4 909
4 786
4 6
4 827
4 155
4 541
4 752
4 87
4 15
4 296
4 115
4 616
4 67
4 689
4 242
4 345
4 697
5 42
5 498
5 610
5 980
5 763
5 510
5 126
5 671
5 587
5 96
5 817
5 882
5 561
5 804
5 376
5 701
5 308
5 372
5 388
5 784
5 585
5 520
5 54
5 399
5 8
5 595
5 213
5 301
5 179
5 250
5 947
5 556
5 21
6 74
6 19
6 797
6 69
6 7
6 160
6 927
6 621
6 793
6 947
6 725
6 37
6 597
6 15
6 141
6 116
6 264
6 181
6 648
6 727
6 13
6 934
6 539
6 179
6 145
6 333
6 852
6 139
6 21
6 246
6 177
6 339
6 397
6 52
6 519
6 278
6 452
6 46
6 459
6 31
6 428
6 703
6 384
6 80
6 410
6 912
6 758
6 424
6 29
6 671
6 374
6 61
6 273
6 840
6 398
6 580
6 341
6 997
6 64
6 230
6 481
6 292
6 444
6 54
6 60
6 214
6 517
6 236
6 908
6 416
6 624
6 36
6 101
6 359
6 645
6 117
6 32
6 260
6 59
6 148
6 299
6 641
7 74
7 483
7 490
7 29
7 47
7 69
7 123
7 81
7 484
7 691
7 675
7 56
7 38
7 97
7 215
7 902
7 201
7 147
7 842
7 511
7 419
7 240
7 13
7 462
7 791
7 578
7 310
7 845
7 787
7 238
7 709
7 812
7 387
7 46
7 187
7 704
7 45
7 470
7 126
7 618
7 404
7 942
7 9
7 194
7 159
7 152
7 854
7 339
7 308
7 642
7 42
7 229
7 17
7 341
7 76
7 65
7 90
7 137
7 242
7 35
7 71
7 359
7 848
7 338
8 919
8 384
8 71
8 558
8 38
8 220
8 238
8 386
8 66
8 792
8 939
8 196
8 378
8 101
8 614
8 433
8 848
8 410
8 620
8 47
8 789
8 546
8 246
8 91
8 193
8 106
8 29
8 12
8 666
8 372
8 961
8 411
8 37
8 117
8 11
8 73
8 684
8 407
8 578
8 163
8 178
8 156
8 123
8 60
8 183
8 465
8 597
8 90
8 600
8 210
8 97
8 980
8 209
8 20
8 464
8 30
8 489
8 843
8 926
8 427
8 213
8 862
8 520
8 840
8 611
8 42
8 988
8 61
8 202
8 168
8 903
8 746
8 223
8 239
8 34
9 589
9 213
9 186
9 229
9 667
9 22
9 71
9 412
9 211
9 287
9 569
9 53
9 129
9 206
9 950
9 472
9 580
9 946
9 829
9 47
9 181
9 986
9 349
9 42
9 558
9 151
9 648
9 377
9 100
9 92
9 738
9 630
9 915
9 714
9 899
9 91
9 586
9 557
9 477
9 98
9 791
9 338
9 511
9 233
9 126
9 153
9 703
9 90
9 543
9 192
9 930
9 63
9 731
9 852
9 231
9 110
9 46
9 161
10 62
10 208
10 232
10 553
10 18
10 71
10 99
10 873
10 54
10 31
10 69
10 337
10 481
10 969
10 411
10 414
10 32
10 367
10 885
10 35
10 744
10 168
10 181
10 157
10 795
10 109
10 36
10 800
10 188
10 173
10 66
10 52
10 60
10 851
10 33
10 300
10 201
10 74
10 51
10 474
10 920
10 959
10 671
10 59
10 787
10 15
10 224
10 919
10 537
10 180
11 690
11 57
11 194
11 535
11 338
11 741
11 98
11 68
11 823
11 826
11 13
11 25
11 69
11 699
11 124
11 362
11 12
11 612
11 55
11 783
11 15
11 29
11 186
11 319
12 51
12 119
12 737
12 869
12 981
12 622
12 68
12 306
12 274
12 692
12 73
12 102
12 964
12 15
12 280
12 386
12 235
12 30
12 625
12 659
12 470
12 371
12 332
12 162
12 19
12 16
12 126
12 107
12 685
12 819
12 165
12 927
12 178
12 59
12 832
12 582
12 164
12 416
12 746
12 13
12 192
12 397
12 502
12 768
12 277
12 82
12 786
12 429
12 658
12 608
12 26
12 95
12 553
12 425
13 866
13 179
13 18
13 711
13 841
13 670
13 386
13 22
13 139
13 308
13 332
13 66
13 469
13 599
13 65
13 190
13 746
13 396
13 42
13 287
13 75
13 80
13 911
13 992
13 700
13 313
13 249
13 144
13 733
13 556
13 163
13 860
13 290
13 310
13 37
13 187
13 635
13 79
13 103
13 301
13 230
13 74
13 15
13 587
13 68
13 48
13 305
14 209
14 27
14 370
14 494
14 743
14 434
14 454
14 145
14 328
14 118
14 409
14 116
14 80
14 56
14 221
14 201
14 24
14 76
14 166
14 157
14 23
14 61
14 96
15 60
15 95
15 592
15 120
15 583
15 131
15 481
15 876
15 16
15 505
15 379
15 892
15 728
15 562
15 922
15 123
15 869
15 237
15 849
15 795
15 529
15 42
15 20
15 527
15 34
15 416
15 385
15 303
15 468
15 443
15 92
15 969
15 509
15 396
15 572
15 882
15 177
15 78
15 181
15 80
15 361
15 409
15 719
15 187
15 124
15 522
15 287
15 403
15 45
15 309
15 353
15 330
15 576
15 359
15 191
15 388
15 430
15 738
15 854
15 551
15 836
15 614
15 26
15 833
15 839
15 197
15 66
15 62
15 991
15 815
15 35
15 286
15 994
15 834
15 107
15 153
15 18
15 159
15 19
15 968
15 710
16 760
16 992
16 90
16 153
16 717
16 576
16 638
16 948
16 336
16 358
16 365
16 465
16 966
16 791
16 600
16 192
16 108
16 129
16 448
16 206
16 372
16 279
16 35
16 183
16 238
16 314
16 693
16 475
16 828
16 491
16 835
16 38
16 75
16 308
16 319
16 738
16 305
16 381
16 503
16 773
16 404
16 244
16 301
16 709
16 906
16 76
16 98
16 61
16 954
16 57
16 23
16 361
16 885
16 283
16 874
16 178
16 42
16 72
16 604
16 106
16 17
16 581
16 831
16 555
17 48
17 322
17 930
17 613
17 181
17 681
17 151
17 567
17 135
17 121
17 682
17 165
17 136
17 76
17 417
17 38
18 522
18 740
18 477
18 148
18 312
18 871
18 920
18 513
18 433
18 29
18 75
18 520
18 642
18 881
18 542
18 59
18 418
18 784
18 373
18 200
18 107
18 106
18 82
18 32
18 130
18 655
18 338
18 197
18 494
18 772
18 223
18 392
18 991
18 393
18 86
18 671
18 662
18 137
18 843
18 970
18 800
18 162
18 977
18 467
18 94
18 114
18 188
18 936
18 293
18 713
18 402
18 160
19 238
19 435
19 26
19 73
19 769
19 428
19 630
19 296
19 708
19 270
19 290
19 454
19 177
19 809
19 267
19 650
19 714
19 37
19 753
19 160
19 222
19 40
19 959
19 481
19 120
19 943
20 260
20 871
20 412
20 22
20 44
20 448
20 593
20 168
20 187
20 404
20 921
20 84
20 936
20 65
20 56
20 169
20 599
20 961
20 36
20 96
20 236
20 62
20 72
21 47
21 884
21 538
21 508
21 390
21 74
21 819
21 841
21 744
21 42
21 178
21 24
21 402
21 61
21 275
21 260
21 76
21 343
21 193
21 607
21 327
21 109
21 208
21 157
21 441
21 368
21 919
21 421
21 732
21 158
21 282
21 63
21 185
21 415
21 798
21 918
22 471
22 565
22 674
22 119
22 248
22 218
22 23
22 211
22 593
22 235
22 928
22 232
22 60
22 793
22 993
22 148
22 268
22 24
22 374
22 624
22 926
22 84
22 275
22 249
22 63
22 476
22 143
22 129
22 111
23 474
23 313
23 55
23 339
23 546
23 874
23 93
23 605
23 674
23 323
23 604
23 418
23 442
23 644
23 861
23 673
23 405
23 626
23 155
23 796
23 940
23 952
23 589
23 80
23 832
23 332
23 553
23 879
23 272
23 444
24 151
24 294
24 43
24 214
24 49
24 561
24 618
24 79
24 530
24 431
24 462
24 97
24 58
24 272
24 117
24 963
24 798
24 62
24 790
24 93
24 166
24 405
24 472
24 807
24 714
24 898
24 50
24 54
24 148
24 347
24 432
24 226
25 210
25 345
25 433
25 28
25 816
25 163
25 353
25 118
25 251
25 599
25 391
25 916
25 102
25 478
25 770
26 178
26 825
26 895
26 78
26 464
26 757
26 982
26 898
26 368
26 253
26 153
26 592
26 42
26 778
26 134
26 136
26 436
26 30
26 101
26 197
26 51
26 887
26 76
26 81
26 77
26 115
26 46
26 383
26 207
26 708
26 100
26 648
26 175
26 99
26 392
27 503
27 60
27 523
27 67
27 901
27 924
27 326
27 807
27 549
27 414
27 298
27 900
27 173
27 938
27 481
27 434
27 174
27 399
27 185
27 644
28 298
28 808
28 643
28 36
28 40
28 730
28 171
28 38
28 868
28 603
28 184
28 29
28 47
28 438
28 37
28 145
28 412
28 56
28 362
28 53
28 399
28 332
28 810
28 44
28 574
28 470
28 377
28 165
28 444
28 218
28 805
28 778
28 482
28 70
28 48
28 466
28 489
28 949
28 144
28 102
28 121
29 790
29 592
29 304
29 648
29 853
29 318
29 78
29 272
29 426
29 143
29 987
29 183
29 414
29 916
29 507
29 480
29 512
29 851
29 48
29 941
29 857
29 86
29 699
29 43
29 181
29 278
29 391
29 780
29 93
30 741
30 924
30 604
30 801
31 640
31 967
31 468
31 416
31 151
31 976
31 501
31 922
31 81
31 881
31 712
31 167
31 912
31 836
31 555
31 203
31 71
31 266
31 754
31 156
31 736
31 232
31 90
31 458
31 207
31 192
31 333
31 723
32 266
32 607
32 174
32 637
32 290
32 617
32 426
32 187
32 355
32 204
32 127
32 733
32 957
32 369
32 493
32 75
32 361
32 42
32 783
32 992
32 751
32 531
32 100
32 300
32 700
32 159
32 44
32 349
33 979
33 727
33 582
33 74
33 167
33 151
33 374
33 86
33 61
33 57
33 232
33 366
33 824
33 757
33 624
33 528
33 137
33 745
33 89
33 109
33 702
33 96
33 896
33 349
33 843
33 143
33 315
33 220
33 764
33 661
34 114
34 175
34 739
34 212
34 734
34 659
34 166
34 147
34 424
34 63
34 124
34 255
34 225
34 202
34 640
34 600
35 743
35 971
35 300
35 232
35 898
35 101
35 365
35 989
35 124
35 773
35 870
35 832
35 150
35 196
35 302
35 454
35 992
35 760
36 304
36 935
36 335
36 38
36 227
36 183
36 287
36 67
36 217
36 914
36 150
36 598
36 774
36 179
36 208
36 53
36 157
36 376
36 100
36 63
36 724
36 387
36 395
36 144
36 423
36 803
36 276
36 944
36 422
37 143
37 40
37 254
37 625
37 135
37 96
37 295
37 48
37 555
37 72
37 120
37 874
37 387
37 58
37 85
37 56
37 99
37 198
37 851
37 751
37 948
37 794
37 76
37 567
37 552
37 601
37 381
37 121
37 86
37 305
37 500
37 189
37 422
37 581
37 450
37 700
37 582
37 146
37 420
37 55
37 893
38 665
38 304
38 971
38 666
38 44
38 513
38 569
38 94
38 83
38 182
38 524
38 116
38 974
38 773
38 693
38 690
38 293
38 695
38 576
38 549
38 100
38 88
38 164
38 133
38 86
38 653
38 283
38 593
38 824
38 46
38 49
38 998
38 194
38 496
38 627
38 162
38 220
39 996
39 331
39 56
39 944
39 560
39 512
39 742
39 139
39 521
39 460
39 119
39 532
39 663
39 105
39 283
39 550
40 998
40 752
40 127
40 471
40 977
40 56
40 422
40 183
40 86
40 189
40 812
40 719
40 668
40 564
41 109
41 343
41 335
41 157
41 185
41 704
41 138
41 442
41 897
41 817
41 383
41 981
41 617
41 823
41 96
41 225
41 295
42 235
42 370
42 206
42 205
42 325
42 124
42 518
42 187
42 480
42 74
42 534
42 571
42 184
42 475
42 857
42 332
42 417
42 43
42 278
42 105
42 183
42 873
42 945
42 802
42 796
42 262
42 280
42 289
42 63
42 496
42 820
42 937
42 961
42 181
42 54
42 980
42 997
42 179
42 827
42 529
42 62
42 469
43 166
43 777
43 148
43 151
43 511
43 77
43 167
43 458
43 114
43 509
43 323
44 988
44 118
44 382
44 804
44 708
44 852
44 166
44 886
44 260
44 246
44 66
44 696
44 48
44 975
44 106
44 87
44 274
44 393
44 884
44 111
44 841
44 299
44 700
44 927
44 56
44 682
44 553
45 587
45 86
45 858
45 322
45 331
45 584
45 166
45 307
45 620
45 165
45 622
45 203
45 733
46 488
46 257
46 247
46 215
46 379
46 70
46 169
46 102
46 63
46 555
46 858
46 206
46 267
46 338
46 191
46 127
46 291
46 119
46 86
46 163
46 500
46 473
46 131
46 393
46 50
46 289
46 892
46 201
46 747
46 852
46 994
46 116
46 200
46 198
46 57
46 850
46 142
46 58
46 126
46 340
46 610
47 274
47 236
47 583
47 476
47 356
47 368
47 61
48 737
48 548
48 630
48 794
48 347
48 254
48 49
48 101
48 56
48 193
48 941
48 50
48 121
48 934
48 142
48 186
48 269
48 750
48 72
48 585
48 591
48 171
48 314
48 375
49 572
49 477
49 269
49 179
49 357
49 140
49 113
49 881
49 69
49 451
49 420
49 806
49 791
49 56
49 95
49 356
49 75
49 167
49 979
50 677
50 53
50 685
50 196
50 156
50 332
50 806
50 347
50 76
50 669
50 202
50 241
50 331
51 974
51 152
51 424
51 800
51 956
51 58
51 281
51 76
51 310
51 460
52 387
52 175
52 158
52 149
52 726
52 800
52 87
52 340
52 219
52 655
52 837
52 372
52 208
52 256
52 830
52 223
52 120
52 577
53 755
53 207
53 946
53 824
53 517
53 83
53 323
53 162
53 591
53 981
53 413
53 589
53 390
53 804
53 601
53 342
54 327
54 723
54 366
54 261
54 118
54 985
54 442
54 145
54 897
54 124
54 391
54 489
54 133
54 62
54 565
54 358
54 204
54 98
54 233
55 192
55 205
55 453
55 63
55 77
55 250
55 214
55 209
55 917
55 402
56 122
56 90
56 867
56 831
56 204
56 188
56 147
56 267
56 664
56 258
56 407
56 872
56 491
56 449
56 401
56 860
56 69
56 433
56 732
56 177
56 104
56 804
56 99
56 814
56 200
56 288
56 205
56 521
56 681
56 705
56 544
56 259
56 214
57 802
57 151
57 248
57 188
57 352
57 761
57 90
57 582
57 816
57 61
57 550
57 885
57 673
57 256
58 929
58 550
58 68
58 802
58 98
58 179
58 380
58 316
58 899
58 798
58 421
58 118
58 60
58 404
58 951
58 302
58 310
58 918
58 615
58 843
58 298
58 841
59 182
59 320
59 628
59 577
59 146
59 61
59 464
59 501
59 559
59 777
59 983
59 942
59 614
59 755
59 479
59 836
59 212
59 665
59 871
59 537
59 608
59 560
59 820
59 343
60 86
60 476
60 151
60 147
60 284
60 562
60 582
60 266
60 275
60 994
60 85
60 74
60 380
60 951
60 177
60 878
60 67
60 97
60 63
60 701
60 670
60 608
60 963
61 769
61 859
61 195
61 440
61 883
61 657
61 744
61 878
61 72
61 404
61 538
61 292
61 179
61 91
61 426
61 698
61 786
61 168
61 114
61 327
61 324
62 125
62 624
62 82
62 108
62 313
62 122
62 862
62 818
62 258
62 206
62 120
62 532
62 581
62 159
62 521
62 601
62 348
62 233
62 536
63 188
63 722
63 518
63 434
63 615
63 304
63 270
63 138
63 68
63 880
63 357
63 730
63 109
63 166
63 785
63 613
63 573
63 88
63 876
63 779
63 216
63 570
63 554
63 320
63 159
64 442
64 275
64 251
64 522
64 176
64 73
64 152
64 173
64 116
64 69
64 476
64 351
64 145
64 809
64 455
65 126
65 83
65 939
65 123
65 364
65 676
66 515
66 441
66 425
66 763
66 179
66 364
66 611
66 105
66 76
66 255
66 77
66 213
66 741
66 436
66 90
66 534
66 853
66 163
67 124
67 778
67 371
67 861
67 888
67 927
67 961
67 478
67 592
67 535
67 999
67 926
67 776
67 785
68 291
68 331
68 362
68 114
68 95
68 709
68 349
68 711
69 310
69 749
69 386
69 82
69 198
69 178
69 683
69 194
69 160
69 260
69 758
69 785
69 357
69 255
69 293
69 295
69 911
70 652
70 881
70 126
70 964
70 762
70 98
70 76
70 130
70 908
70 998
71 625
71 607
71 179
71 90
71 370
71 715
71 321
71 776
71 523
71 594
72 458
72 905
72 145
72 470
72 950
72 756
72 890
72 106
72 684
72 198
72 445
72 182
72 663
73 686
73 98
73 310
73 547
74 186
74 369
74 252
74 226
74 826
74 314
74 424
74 777
74 490
74 77
74 589
74 398
74 670
74 406
74 185
74 124
74 324
74 306
74 863
74 140
74 608
74 864
74 108
74 295
74 528
74 374
74 469
74 779
74 244
74 584
74 249
74 88
74 106
75 852
75 476
75 973
75 98
75 280
75 697
75 249
75 528
75 719
75 887
75 573
75 446
75 384
75 164
75 449
75 276
75 500
76 201
76 326
76 400
76 199
76 318
76 171
76 380
76 489
76 308
77 808
77 190
77 101
77 290
77 972
77 987
77 920
77 412
77 258
77 167
77 231
77 150
77 644
77 173
77 549
77 364
77 345
77 174
77 168
77 455
78 727
78 293
78 414
78 239
78 864
78 306
78 83
79 90
79 892
79 662
79 100
79 867
79 127
79 250
79 157
79 221
79 464
79 910
79 536
79 397
79 125
79 280
79 727
79 111
80 687
80 526
80 388
80 199
80 344
80 179
80 377
80 479
80 128
80 303
80 105
80 562
80 209
80 106
80 558
80 133
81 909
81 208
81 366
81 484
82 323
82 183
82 450
82 380
82 99
82 400
82 267
82 163
82 247
82 851
82 650
82 146
82 95
83 142
83 274
83 329
83 712
83 173
83 830
84 702
84 863
84 272
84 856
84 254
84 375
84 596
84 712
84 153
84 801
85 695
85 928
85 209
85 92
85 140
85 727
85 736
85 883
85 595
86 321
86 132
86 368
86 809
86 466
86 264
86 259
86 578
86 584
86 846
86 151
86 686
86 735
87 457
87 283
87 96
87 774
87 674
87 616
87 372
87 173
87 93
88 594
88 357
88 284
88 219
88 883
88 385
88 786
88 401
88 253
88 645
88 975
89 925
89 267
89 502
89 718
89 538
89 809
89 499
90 643
90 661
90 422
90 404
90 163
90 157
90 194
90 667
90 360
90 318
90 284
90 250
90 985
90 264
90 188
90 114
91 363
91 567
91 203
91 679
91 826
91 319
91 204
92 857
92 496
92 220
92 316
92 556
92 125
93 107
93 229
93 580
93 280
93 870
93 752
93 215
93 935
93 836
93 212
93 109
93 198
93 273
93 780
93 877
93 506
93 433
94 176
94 449
94 356
94 162
94 695
94 461
95 376
95 849
95 887
95 627
95 403
95 339
95 123
95 410
95 105
95 514
95 975
95 301
95 192
95 152
95 101
95 201
95 537
95 636
95 189
95 598
95 122
95 229
95 920
96 226
96 103
96 471
96 545
96 295
96 255
96 166
96 972
96 462
96 914
96 374
96 121
96 264
96 600
97 541
97 224
97 342
97 901
97 172
97 177
97 557
97 569
97 298
97 117
97 866
98 171
98 159
98 444
98 124
98 234
98 482
98 948
98 478
99 138
99 134
99 579
99 827
99 457
99 688
99 624
99 573
99 325
99 500
99 131
99 172
99 492
99 195
99 451
99 848
100 227
100 929
100 626
100 238
100 306
100 282
100 175
100 706
100 632
100 133
100 429
100 750
100 202
100 975
100 964
100 733
100 461
101 106
101 530
101 931
101 580
101 226
101 215
101 640
101 831
101 804
101 174
101 740
101 560
101 327
102 963
102 157
102 107
102 485
102 106
102 940
102 878
102 768
102 137
102 289
102 296
103 151
103 144
103 104
103 525
103 344
103 273
103 388
103 596
103 248
103 676
104 219
104 201
104 299
104 124
104 970
104 251
104 720
104 302
104 363
104 193
104 411
105 668
105 916
105 533
105 880
105 506
105 283
105 685
105 230
105 170
105 463
105 184
105 356
105 195
105 303
105 768
105 304
105 949
105 318
105 610
105 777
105 830
105 776
106 139
106 662
106 847
106 355
106 438
106 900
106 822
106 725
106 517
107 805
107 750
107 588
107 163
107 703
107 189
107 891
107 108
107 348
107 814
108 521
108 958
108 398
108 212
108 915
108 323
108 418
108 660
108 651
108 362
109 130
109 183
109 124
109 146
109 691
109 364
109 471
109 684
110 231
110 776
110 638
110 601
110 675
110 412
110 321
110 619
110 229
110 254
110 845
111 605
111 150
111 933
111 209
111 754
111 792
111 710
111 412
111 186
112 842
112 381
112 227
112 898
112 525
112 729
112 907
113 216
113 999
113 395
113 519
113 562
113 389
113 194
113 621
113 582
114 162
114 677
114 806
114 194
114 483
114 185
114 202
114 261
115 717
115 227
115 168
115 690
115 356
115 838
115 240
115 719
115 960
116 788
116 937
116 185
116 300
116 149
116 716
116 148
116 859
116 165
117 669
117 980
117 180
117 136
117 735
117 150
117 535
117 429
117 492
118 147
118 773
118 127
118 443
118 413
118 377
119 805
119 630
119 510
119 279
119 301
119 444
119 633
120 595
120 490
120 466
120 411
120 811
120 377
120 484
120 780
121 151
121 946
121 438
121 817
121 758
121 428
121 281
121 429
122 951
122 445
122 267
122 550
122 156
122 782
123 165
123 485
123 170
123 475
123 404
123 367
123 748
124 175
124 266
124 611
124 495
124 223
124 189
124 602
124 190
124 188
124 224
124 531
124 373
124 168
125 653
125 735
125 582
125 331
125 846
126 398
126 416
126 331
126 984
126 494
126 224
126 251
126 359
126 456
126 281
127 422
127 653
127 403
127 287
127 913
127 452
127 933
127 200
128 535
128 375
128 643
128 918
128 827
128 336
128 756
128 354
128 449
128 346
129 185
129 238
129 595
129 263
129 738
129 415
129 472
129 379
129 236
129 741
130 270
130 450
130 856
130 978
130 630
130 614
130 800
130 879
130 320
130 890
130 349
130 821
130 451
130 300
130 219
130 653
130 913
131 218
131 341
131 279
131 163
131 960
131 270
132 901
132 915
132 676
132 357
132 318
132 845
132 967
132 512
132 597
133 535
133 880
133 409
133 633
133 862
133 377
133 785
133 451
133 302
133 374
133 933
133 588
134 974
134 650
134 760
134 672
135 950
135 802
135 997
135 200
135 327
136 887
136 369
136 832
136 276
136 141
136 446
136 775
137 179
137 363
137 437
137 448
137 923
137 528
137 181
137 792
137 986
137 320
138 639
138 181
138 764
138 662
138 402
138 498
138 640
138 839
138 502
138 377
139 437
139 322
139 213
139 669
139 319
139 969
139 152
139 589
139 449
139 439
139 767
140 256
140 659
140 544
140 461
140 436
140 226
141 245
141 585
141 303
141 632
141 605
141 498
141 440
141 487
141 313
141 185
141 188
141 151
141 814
141 272
142 364
142 174
142 628
142 314
142 515
142 171
142 625
142 799
143 548
143 283
143 255
143 505
143 155
144 524
144 434
144 717
144 189
144 419
144 700
144 273
144 473
145 327
145 194
145 885
145 680
146 409
146 195
146 443
146 943
146 786
146 181
146 923
146 209
147 560
147 244
147 844
147 430
147 950
148 206
148 283
148 507
148 910
148 734
149 180
149 218
149 704
149 415
149 790
149 940
149 362
149 654
149 839
149 216
149 788
149 365
150 954
150 162
150 728
150 209
151 875
151 649
151 590
151 860
151 866
151 638
151 162
151 182
152 309
152 195
153 164
153 870
153 477
153 853
153 934
153 400
153 325
153 925
153 468
153 395
153 399
153 858
154 861
154 316
154 264
154 945
154 515
154 413
154 845
154 850
155 486
155 810
155 334
155 801
155 467
155 586
155 660
155 914
156 263
156 497
156 531
156 218
156 361
156 301
156 521
156 379
156 349
156 507
156 243
157 815
157 982
157 599
157 612
157 696
157 501
157 340
157 466
157 381
158 439
158 692
158 731
158 832
158 970
158 595
158 570
159 877
159 708
159 189
159 996
159 928
159 705
160 762
160 479
160 542
160 265
160 904
161 199
161 246
161 689
161 602
161 435
161 491
161 358
161 878
161 290
162 398
162 326
162 642
162 736
162 895
163 305
163 172
163 698
163 443
163 793
163 410
163 253
164 751
164 512
164 377
164 172
164 432
164 708
164 247
164 284
164 869
164 598
164 897
164 931
164 473
164 258
165 782
165 886
165 202
165 938
165 250
165 307
165 706
165 910
166 657
166 565
166 385
166 286
166 772
167 714
167 431
167 536
167 878
167 982
167 246
167 823
167 356
168 659
168 868
168 643
168 181
168 449
168 362
168 502
168 291
168 345
168 741
168 184
168 737
169 940
169 285
170 574
170 186
170 969
170 194
170 709
170 705
171 285
171 358
171 562
171 625
171 787
171 225
171 987
171 632
172 402
172 818
172 258
172 500
172 278
172 662
173 486
173 184
173 759
173 859
173 467
173 751
173 684
173 473
173 283
173 956
173 273
173 457
174 258
174 360
174 652
174 947
174 304
174 373
175 483
175 228
175 227
175 330
175 177
175 995
175 544
175 626
175 517
176 432
176 372
176 245
176 379
176 857
176 341
176 914
176 431
176 533
177 838
177 952
177 744
178 788
178 375
178 743
178 456
178 433
179 962
179 545
179 676
180 513
180 239
180 613
180 543
180 315
180 392
181 408
181 351
181 619
181 440
181 403
182 218
182 687
182 885
182 362
182 983
182 318
183 932
183 247
183 554
183 228
183 759
183 431
183 912
183 427
183 280
183 504
183 748
183 311
183 205
183 545
183 796
184 262
184 419
184 493
184 502
184 725
185 307
185 987
185 600
185 391
185 669
185 678
186 403
186 637
186 353
186 965
186 343
186 509
186 893
186 519
186 192
186 283
186 328
186 197
187 399
187 222
187 722
187 983
187 218
187 829
187 645
188 681
188 258
188 648
188 561
188 237
188 721
188 658
188 460
189 825
189 305
189 355
189 673
189 847
189 623
189 341
190 677
190 571
190 693
190 971
190 866
190 564
190 953
190 366
191 871
191 944
191 743
191 517
191 574
192 617
192 372
192 576
192 769
192 923
192 856
192 731
192 889
193 613
193 305
193 447
193 789
193 233
193 903
193 850
193 194
194 368
194 425
194 819
195 214
195 811
195 279
195 337
195 223
195 297
195 884
195 411
195 711
195 536
195 355
195 777
195 952
196 690
196 202
196 753
196 825
196 741
196 324
196 742
196 688
197 927
197 601
197 509
197 975
197 763
198 720
198 374
198 355
198 960
198 545
198 916
198 324
198 242
199 269
199 646
199 508
199 222
199 419
199 765
200 274
200 374
200 288
200 735
201 283
201 277
201 537
201 593
201 343
202 673
202 593
202 324
202 228
202 336
202 611
202 369
203 947
203 704
203 836
204 947
204 403
204 401
204 993
204 252
205 369
205 628
205 568
205 242
205 442
205 527
205 867
206 959
206 850
206 304
206 984
206 844
207 536
207 514
207 456
208 531
208 589
208 374
208 683
208 564
208 266
208 400
208 317
208 308
209 666
209 504
209 515
209 656
210 261
210 690
210 495
210 701
210 758
210 681
210 781
211 350
211 633
211 265
211 250
211 566
211 913
211 662
212 398
212 345
212 888
212 329
213 215
213 854
213 463
213 781
213 505
213 485
213 386
213 385
213 551
213 638
213 299
215 455
215 586
215 267
215 437
216 313
216 368
216 976
216 680
216 895
217 619
217 469
217 648
217 771
217 726
218 611
218 752
218 268
218 766
218 996
219 280
219 636
219 238
219 533
220 255
220 573
220 816
220 425
220 423
220 704
220 465
220 330
221 286
221 692
221 278
222 961
222 455
223 423
223 842
223 333
223 948
223 237
224 310
224 433
224 240
224 546
224 345
224 848
225 412
225 522
225 506
225 503
225 639
225 596
225 651
225 362
226 467
226 258
226 972
226 704
226 766
226 286
226 334
227 412
227 904
227 795
227 250
227 261
227 290
228 255
228 906
228 310
228 260
228 236
228 465
228 327
228 378
229 327
229 580
230 755
230 281
230 336
230 431
231 423
231 635
231 300
231 459
232 305
232 272
232 715
232 892
232 265
232 868
233 938
233 737
233 594
234 439
234 347
234 424
234 488
234 318
234 989
235 411
235 563
235 924
235 889
235 371
235 279
235 250
235 681
236 259
236 891
236 557
236 353
236 863
236 910
237 375
237 254
237 623
237 974
237 649
237 523
238 710
238 241
238 326
238 956
238 907
238 829
238 572
238 646
238 420
238 696
238 412
239 319
239 335
239 297
239 249
240 688
240 263
240 541
240 784
240 714
241 493
241 548
241 330
241 514
241 647
242 700
242 734
242 614
242 331
242 543
242 573
243 304
243 707
243 994
243 289
243 955
244 663
244 614
244 454
244 505
244 548
244 586
244 889
245 759
245 325
245 398
245 964
245 260
245 803
245 771
245 903
245 932
246 633
246 603
247 917
247 474
247 408
247 821
247 352
247 334
247 378
247 904
247 475
248 718
248 746
248 363
248 524
248 477
248 569
248 964
248 838
248 432
248 283
249 899
249 685
250 999
250 362
250 729
250 285
250 510
251 665
252 382
252 418
252 995
252 646
253 297
253 528
253 631
253 765
253 371
253 829
253 395
254 324
254 273
254 598
254 722
254 651
255 453
255 372
255 426
255 424
256 517
256 756
256 588
256 453
256 620
257 824
257 620
257 721
257 541
257 531
258 817
258 366
258 336
258 846
258 527
258 883
258 557
259 583
259 724
259 821
260 445
260 307
260 593
260 543
260 806
260 897
260 457
260 797
260 506
260 336
260 840
261 833
261 397
261 765
261 355
261 714
261 663
261 284
261 847
262 731
262 722
262 489
262 499
262 978
262 817
262 409
263 701
263 482
263 311
263 338
263 913
263 280
263 548
263 379
264 657
264 290
264 460
264 597
265 731
265 517
265 577
265 639
265 402
265 468
265 780
266 429
266 651
266 363
267 386
267 513
267 353
267 811
268 428
268 520
268 771
268 902
269 372
269 319
269 880
269 871
270 516
270 635
270 362
270 530
270 654
270 373
270 435
271 725
271 685
271 285
271 666
271 753
271 665
272 995
272 334
272 273
272 491
272 879
273 828
273 281
273 408
273 274
273 954
273 315
273 386
273 886
273 413
274 360
274 294
274 357
274 473
274 465
274 377
274 307
275 983
275 520
275 990
275 963
275 730
276 597
276 281
277 462
277 953
277 461
277 405
277 590
278 316
278 940
278 480
279 742
279 553
279 406
279 637
279 511
280 674
281 691
281 808
281 679
281 414
282 631
282 357
282 356
282 751
282 349
283 438
283 315
283 609
283 756
283 584
283 997
284 633
284 335
285 489
285 904
286 316
286 424
287 959
287 335
288 690
288 502
288 518
289 549
289 343
289 612
289 318
290 378
290 522
290 722
290 901
290 917
290 819
291 740
291 485
291 812
292 900
292 579
292 990
293 484
293 900
293 998
293 789
293 935
294 323
294 921
294 839
294 549
294 762
294 566
295 400
295 500
295 639
296 418
296 922
296 591
296 978
296 994
296 461
297 312
297 345
297 426
297 988
297 821
298 796
298 437
298 304
298 966
299 896
299 373
299 622
300 734
300 475
300 802
300 463
300 504
301 769
301 712
301 547
301 322
301 882
302 717
302 695
302 823
303 831
303 495
303 759
304 854
304 698
304 350
304 749
304 580
305 588
305 517
305 472
306 973
306 404
306 565
306 718
307 640
307 554
307 516
307 807
307 574
307 706
307 488
308 918
308 445
308 957
308 702
308 343
308 352
309 915
309 566
309 570
309 456
309 752
310 922
310 632
310 444
310 405
311 770
311 740
311 804
311 674
311 579
312 734
312 837
312 721
312 395
312 525
313 705
313 447
313 359
314 472
314 872
314 651
314 576
314 445
314 598
314 437
315 745
316 882
316 940
316 890
317 947
317 798
317 669
317 424
317 325
318 885
318 967
319 345
319 447
319 636
319 465
319 736
319 791
320 798
320 407
320 451
320 940
321 412
321 374
321 325
321 822
321 790
322 881
322 438
322 945
322 621
322 769
322 910
323 700
323 896
323 812
324 761
324 986
324 383
324 558
325 824
326 945
327 666
327 565
328 967
328 687
328 747
328 550
328 568
328 573
328 835
329 733
329 844
329 789
329 680
330 363
330 694
330 884
330 704
330 359
330 488
330 419
330 552
331 429
331 591
331 929
331 623
332 564
332 416
332 404
333 864
333 962
333 965
334 684
334 454
334 464
335 511
335 620
335 528
335 455
336 465
336 757
336 636
336 528
336 898
337 590
337 930
337 565
337 818
338 451
338 603
339 487
339 423
340 698
340 625
340 721
341 589
341 823
342 922
342 914
342 942
343 532
344 382
344 925
344 779
344 767
345 518
346 754
346 650
346 621
346 723
346 622
346 640
347 547
347 626
348 887
348 629
348 511
348 685
348 707
348 865
349 603
350 706
350 757
350 623
350 860
350 439
351 441
351 429
351 383
351 631
351 875
352 505
352 702
352 976
353 703
353 373
353 913
353 404
353 746
354 546
354 762
354 723
354 764
355 851
355 794
355 363
356 378
356 369
356 790
357 615
357 810
357 694
357 893
358 937
359 521
359 884
359 466
360 992
361 566
361 489
362 548
362 758
362 749
362 428
362 835
363 988
364 931
365 707
365 822
365 470
365 768
365 737
365 509
366 492
366 737
366 568
366 480
366 581
367 726
367 784
367 484
367 935
367 702
368 693
369 826
369 928
369 607
370 688
370 572
370 488
370 676
370 818
371 405
371 596
371 496
371 391
372 473
372 779
372 553
374 427
374 640
374 409
375 850
375 718
375 705
375 827
375 486
376 445
376 712
376 943
377 918
377 800
377 440
378 789
378 442
378 472
379 811
379 905
380 911
380 779
380 783
381 692
382 772
382 451
382 851
382 667
382 482
383 415
383 695
383 691
384 818
384 739
384 951
384 408
384 824
385 638
385 739
386 435
386 837
386 604
387 461
387 575
387 567
388 753
389 485
389 537
389 622
389 658
389 509
390 956
390 424
390 395
391 600
391 668
391 894
392 806
392 842
392 766
392 436
393 634
393 686
393 991
393 816
393 870
394 765
394 467
394 479
394 736
394 568
394 443
395 808
395 727
395 748
395 621
396 952
396 677
396 848
397 720
397 456
397 565
398 562
399 405
399 911
399 808
400 617
401 594
401 569
402 471
402 965
402 840
402 731
402 608
403 563
403 814
403 687
404 810
404 415
404 974
404 953
404 412
404 737
405 841
405 577
405 895
405 455
406 772
406 496
406 526
406 810
406 677
407 930
407 578
407 792
407 533
407 835
407 484
407 741
408 620
408 931
408 709
409 608
409 584
410 813
411 920
411 656
411 514
412 654
412 675
412 825
412 668
412 538
413 978
413 739
413 683
414 805
414 825
415 595
415 492
415 444
416 661
416 455
416 787
417 423
417 430
417 972
417 717
418 771
418 673
418 801
418 632
418 923
419 732
419 429
419 902
419 568
420 575
420 989
420 689
421 641
421 635
421 846
421 867
422 647
423 932
423 884
423 753
423 717
423 603
423 459
423 775
424 767
424 546
424 459
425 432
425 761
425 629
426 499
426 854
426 958
426 892
427 652
428 638
429 796
429 547
429 998
430 625
430 682
430 761
431 884
431 686
432 537
432 434
432 684
433 479
433 875
433 888
435 997
436 507
437 917
438 750
438 501
438 508
438 686
439 461
439 507
440 978
441 865
441 762
441 682
442 822
442 840
443 664
443 588
444 789
444 995
444 540
444 489
445 612
445 532
445 563
445 792
446 814
446 452
446 815
446 806
447 573
447 796
447 850
448 677
448 923
448 576
448 814
450 673
450 618
450 463
451 689
451 797
452 490
452 459
452 592
452 582
453 544
453 847
453 525
454 799
456 744
457 960
457 866
457 857
457 929
457 514
458 872
458 778
459 697
460 746
460 744
460 627
460 483
462 516
462 497
462 738
463 912
464 514
465 803
465 623
465 894
466 555
466 861
466 944
466 873
468 843
468 495
468 694
468 866
468 753
469 959
469 641
469 535
470 471
471 512
471 634
471 903
472 507
472 833
473 609
473 642
474 494
474 855
474 853
475 706
475 558
476 521
476 976
477 487
478 844
478 522
478 637
479 657
479 627
480 572
480 844
480 858
481 965
481 915
481 595
481 723
482 590
483 979
483 551
484 813
484 713
484 559
484 573
486 591
486 828
486 788
486 780
487 654
487 653
488 905
489 617
490 524
490 830
490 581
490 990
491 641
491 626
491 894
491 629
492 908
493 803
493 695
494 877
494 932
495 526
495 709
496 777
496 988
496 657
497 774
497 658
497 566
497 907
497 514
498 654
498 837
498 702
499 705
499 511
500 762
501 608
501 968
501 605
502 668
503 973
503 835
503 664
504 891
504 735
504 713
505 717
505 591
505 777
505 890
506 654
506 754
506 668
508 587
508 652
508 936
510 668
510 678
510 829
510 578
512 623
513 524
513 554
514 977
515 987
516 605
516 919
516 763
517 740
517 793
518 656
518 616
518 707
519 786
519 971
519 794
519 559
520 674
521 543
523 542
523 762
524 614
525 716
525 909
526 647
526 784
526 968
527 550
527 561
528 797
529 547
529 884
529 745
529 879
530 953
530 608
530 534
530 561
531 776
532 661
532 729
533 725
534 556
534 605
534 855
536 838
537 809
537 718
538 562
538 716
538 970
538 642
539 733
539 789
539 976
540 638
540 667
540 821
540 766
541 563
541 554
542 567
542 904
543 972
543 842
544 686
545 761
546 760
547 875
548 675
548 903
549 929
551 776
551 781
551 924
551 868
552 749
552 961
552 980
553 890
554 808
554 767
555 782
556 590
556 957
557 907
557 786
557 750
558 601
558 763
558 896
559 758
559 682
559 634
560 667
560 936
561 799
561 696
561 859
562 996
562 578
562 683
563 629
563 656
563 856
564 678
564 863
565 605
566 680
568 611
569 785
569 849
569 654
570 615
571 720
571 616
572 600
573 862
574 747
575 820
575 611
575 732
576 877
577 657
578 963
578 672
579 680
579 639
580 657
580 719
580 636
583 893
583 610
584 888
585 901
585 899
586 848
586 772
587 970
587 824
587 693
588 672
588 590
590 659
592 834
592 866
593 697
594 781
595 684
596 711
597 609
598 828
599 723
599 838
600 753
600 944
601 699
601 830
602 820
602 691
602 986
606 879
606 612
606 669
606 899
606 863
607 909
609 644
609 652
611 620
612 666
612 977
613 749
613 647
613 855
614 719
615 747
616 908
616 658
616 649
617 789
618 937
618 643
619 710
619 740
620 766
621 973
622 746
624 862
625 816
626 815
627 999
627 877
628 680
629 907
630 955
631 728
631 897
633 739
634 955
634 810
635 722
635 676
637 787
637 687
637 711
638 833
638 713
639 826
639 664
639 724
640 984
641 820
644 942
644 693
645 753
645 795
646 726
647 844
647 928
648 660
649 921
649 739
650 918
650 939
650 727
652 797
652 873
653 748
653 942
654 837
654 876
655 781
655 798
656 872
656 758
656 989
659 933
659 962
660 790
660 672
660 770
661 924
663 703
663 941
663 747
664 770
665 825
666 991
667 858
669 755
670 993
671 778
671 967
672 874
674 701
675 941
676 711
676 889
677 990
678 822
678 707
679 886
679 773
681 818
681 713
683 701
684 879
685 980
685 958
686 986
687 703
688 793
688 754
689 698
691 968
692 743
692 945
693 889
694 762
694 773
695 982
695 728
696 894
697 721
699 801
703 937
704 748
705 856
706 935
709 952
710 949
712 878
714 867
715 957
715 839
716 883
716 984
720 921
722 951
723 926
724 991
724 949
724 865
724 921
726 811
728 757
729 954
729 805
730 955
730 912
732 985
737 946
738 943
739 765
742 906
745 807
745 962
747 911
752 903
754 882
756 898
756 965
759 915
760 861
761 788
761 783
764 838
766 853
767 865
768 813
770 789
771 864
772 812
773 775
773 900
774 932
774 981
775 868
777 973
779 980
780 968
782 833
783 905
794 943
796 797
798 871
799 824
799 891
803 955
804 820
807 983
812 895
813 966
813 956
815 977
815 903
819 938
823 855
831 958
834 835
840 995
852 902
854 996
855 864
859 993
860 891
861 966
865 985
869 916
870 874
872 969
875 902
876 919
876 958
880 982
888 954
894 909
894 949
896 979
906 957
908 934
910 934
931 993
933 999
938 953
948 985
960 962
966 971
979 990
