0 9
0 257
0 500
0 588
0 769
0 88
0 772
0 122
0 24
0 56
0 423
0 393
0 350
0 46
0 81
0 861
0 48
0 18
0 384
0 77
0 658
0 995
0 177
0 198
0 295
0 506
0 129
0 8
0 157
0 158
0 464
0 975
0 51
0 680
0 14
0 125
0 41
0 304
0 193
0 244
0 79
0 54
0 10
0 924
0 590
0 831
0 222
0 816
0 496
0 821
0 19
0 847
0 20
0 69
0 39
0 717
0 622
0 181
0 124
0 911
0 27
0 4
0 165
0 100
0 155
0 563
0 365
0 154
0 442
0 456
0 106
0 923
0 430
0 108
0 871
0 2
0 336
0 111
0 721
0 73
0 112
0 707
0 760
0 212
0 501
0 535
0 607
0 102
0 246
0 13
0 914
0 761
0 15
0 134
0 174
0 115
0 630
0 269
0 359
1 3
1 8
1 590
1 29
1 604
1 123
1 260
1 189
1 103
1 865
1 220
1 325
1 83
1 941
1 18
1 354
1 221
1 452
1 138
1 766
1 166
1 421
1 5
1 17
1 35
1 341
1 255
1 156
2 694
2 270
2 50
2 67
2 165
2 11
2 37
2 313
2 633
2 7
2 33
2 507
2 384
2 915
2 61
2 89
2 563
2 23
2 84
2 15
2 30
2 322
2 705
2 433
2 238
2 413
2 149
2 70
2 3
2 79
2 659
2 24
2 897
2 38
2 29
2 320
2 102
2 63
2 116
2 28
2 113
2 48
2 20
2 168
2 31
2 564
2 8
2 560
2 12
2 227
2 157
2 47
2 104
2 14
2 10
3 467
3 768
3 527
3 944
3 801
3 76
3 290
3 18
3 283
3 22
3 132
3 240
3 215
3 124
3 11
3 157
3 519
3 72
3 63
3 957
3 8
3 344
3 914
3 7
3 164
3 596
3 174
3 186
3 274
3 68
3 639
3 4
3 183
3 491
3 191
3 392
3 106
3 761
3 12
3 448
3 182
3 28
3 83
3 919
3 253
3 231
3 47
3 690
3 101
3 271
3 35
3 77
3 994
3 394
3 54
3 882
3 78
3 751
4 638
4 31
4 695
4 937
4 71
4 164
4 240
4 443
4 548
4 560
4 185
4 180
4 339
4 677
4 17
4 15
4 74
4 43
4 190
4 147
4 494
4 518
4 717
4 67
4 258
4 617
4 72
4 613
4 208
4 45
4 14
4 25
4 268
4 319
4 109
4 128
4 173
4 868
4 266
4 709
4 100
4 888
4 97
4 621
4 288
4 161
4 198
4 263
4 101
4 86
4 690
4 331
4 826
4 64
4 501
4 389
4 21
4 57
4 189
4 589
5 299
5 6
5 136
5 151
5 19
5 132
5 181
5 152
5 433
6 131
6 28
6 282
6 79
6 690
6 811
6 677
6 163
6 30
6 505
6 660
6 20
6 539
6 300
6 283
6 199
6 736
6 800
6 192
6 384
6 373
6 637
6 135
6 901
6 490
6 423
6 740
6 610
6 804
6 700
6 337
6 22
6 219
6 240
6 241
6 200
6 112
6 24
6 77
6 47
6 529
6 342
6 72
6 256
6 44
6 545
6 315
6 298
6 549
6 212
6 229
6 68
6 7
6 347
6 15
6 165
6 83
6 525
6 127
6 577
6 732
6 980
6 208
6 442
6 8
6 324
6 592
6 284
6 532
6 757
6 105
6 17
6 264
6 173
6 88
6 938
6 36
6 221
6 170
6 325
6 58
6 992
6 468
6 368
6 151
6 166
6 57
6 778
7 259
7 8
7 895
7 74
7 444
7 17
7 64
7 708
7 548
7 169
7 915
7 393
7 68
7 258
7 234
7 61
7 233
7 11
7 183
7 120
7 812
7 353
7 286
7 408
7 10
7 600
7 149
7 329
7 459
7 9
7 201
7 578
7 109
7 460
7 693
7 69
7 898
7 573
7 58
7 196
7 528
7 223
7 153
7 374
7 737
7 319
7 136
7 894
7 534
7 220
7 77
7 78
7 956
7 866
7 30
7 89
7 714
7 53
7 163
7 115
7 546
7 776
7 939
7 162
7 314
7 161
7 579
7 355
7 276
7 908
7 13
7 62
7 506
7 667
7 47
7 620
7 25
7 104
7 152
7 238
7 181
7 70
7 24
7 33
7 246
7 662
7 187
7 20
7 72
7 742
7 247
7 241
7 360
7 696
7 745
7 158
7 197
7 41
7 269
7 292
7 15
7 82
7 510
7 519
7 317
7 204
7 307
7 235
7 202
7 747
7 56
7 436
7 129
7 791
7 966
7 740
7 684
7 208
7 352
7 26
7 415
8 96
8 953
8 132
8 340
8 984
8 21
8 153
8 511
8 537
8 576
8 759
8 12
8 325
8 90
8 242
8 786
8 334
8 979
8 53
8 922
8 376
8 635
8 605
8 215
8 378
8 38
8 14
8 166
8 841
8 454
8 435
8 878
8 134
8 461
8 843
8 205
8 163
8 30
8 245
8 165
8 855
8 590
8 654
8 645
8 269
8 619
8 160
8 10
8 18
8 86
8 594
9 209
9 123
9 42
9 820
9 10
9 263
9 175
9 846
9 504
9 708
9 357
9 903
9 702
9 73
9 17
9 890
9 303
9 935
9 677
9 716
9 165
9 86
9 30
9 195
9 476
9 445
9 174
9 768
9 819
9 973
9 326
9 316
9 79
9 96
9 18
9 192
9 65
9 742
9 474
9 184
9 850
9 639
9 252
9 425
9 787
9 38
9 202
9 726
9 835
9 39
9 516
9 148
9 407
9 452
9 58
9 152
9 535
9 20
9 29
9 345
9 462
9 34
9 232
9 217
9 393
9 376
9 166
9 749
9 256
9 26
9 109
9 319
9 362
9 744
9 854
10 24
10 626
10 29
10 138
10 13
10 249
10 995
10 444
10 34
10 46
10 392
10 462
10 302
10 194
10 276
10 181
10 714
10 384
10 146
10 612
10 144
10 743
10 19
10 295
10 88
10 367
10 471
10 275
10 662
10 646
10 997
10 475
10 226
10 68
10 483
10 810
10 528
10 22
10 684
10 51
10 321
10 573
10 15
10 53
10 28
10 327
10 217
10 260
10 909
10 132
10 866
10 570
10 445
10 664
10 868
10 139
10 213
10 45
10 161
10 71
10 129
10 201
10 385
10 91
10 20
10 441
10 64
10 48
10 210
10 387
10 898
10 923
10 632
10 56
10 203
10 338
10 86
10 789
10 159
10 532
10 871
10 322
10 369
10 30
10 917
10 271
10 135
10 109
10 453
10 717
10 836
10 540
10 790
10 853
10 752
10 688
10 336
10 228
10 786
10 511
10 552
10 510
10 281
10 569
10 12
10 547
11 445
11 142
11 571
11 337
11 190
11 64
11 413
11 626
11 102
11 279
11 43
11 155
11 389
11 258
11 15
11 56
11 757
11 40
11 12
11 137
11 595
11 118
11 339
11 78
11 131
11 722
11 103
11 16
11 330
11 132
11 440
11 51
11 35
11 758
11 188
11 385
11 23
11 44
11 850
11 633
11 32
11 582
11 730
11 562
11 334
11 28
11 96
11 390
11 712
11 697
12 151
12 159
12 64
12 97
12 649
12 210
12 265
12 595
12 922
12 375
12 374
12 129
12 78
12 20
12 452
12 50
12 900
12 393
12 747
12 840
12 617
12 847
12 60
12 79
12 327
12 48
12 432
12 947
12 942
12 139
12 301
12 408
12 329
12 237
12 787
12 441
12 815
12 117
12 501
12 512
12 239
12 352
12 28
12 681
12 19
12 85
12 247
12 355
12 692
12 362
12 467
12 913
12 35
12 463
12 357
12 23
12 549
12 70
12 278
12 216
12 524
12 557
12 964
12 609
12 972
13 698
13 51
13 187
13 440
13 544
13 91
13 18
13 164
13 157
13 72
13 810
13 801
13 140
13 503
13 370
13 921
13 555
13 175
13 563
13 530
13 831
13 170
13 204
13 783
13 42
13 105
13 27
13 504
13 71
13 217
13 263
13 296
13 16
13 839
13 73
13 210
13 994
13 107
13 813
13 685
13 43
13 55
13 647
13 38
13 88
13 324
13 334
13 335
13 838
13 120
13 583
13 344
13 99
13 808
13 174
13 704
13 715
13 56
14 120
14 284
14 512
14 496
14 353
14 825
14 951
14 474
14 112
14 767
14 733
14 30
14 40
14 46
14 253
14 365
14 582
14 160
14 67
14 141
14 125
14 526
14 151
14 139
14 382
14 124
14 91
14 478
14 122
14 47
14 61
14 708
14 736
14 735
14 831
14 154
14 238
14 102
14 738
14 33
14 420
14 638
14 28
14 477
14 153
14 185
14 691
14 227
14 213
14 256
14 209
14 347
14 782
14 82
14 69
14 655
14 165
15 940
15 760
15 212
15 805
15 463
15 881
15 679
15 139
15 355
15 251
15 169
15 295
15 763
15 228
15 97
15 750
15 813
15 326
15 855
15 210
15 86
15 361
15 35
15 246
15 981
15 425
15 494
15 89
15 756
15 802
15 556
15 333
15 696
15 605
15 28
15 475
16 828
16 576
16 122
16 935
16 342
16 596
16 232
16 975
16 201
16 277
16 521
16 220
16 41
16 368
16 48
16 285
16 43
16 39
16 131
16 911
16 776
16 448
16 906
16 19
16 194
16 36
16 111
16 161
16 104
16 403
16 287
16 903
16 203
16 135
16 62
16 160
16 586
16 629
16 669
16 406
16 67
16 273
16 51
16 309
16 832
16 589
16 627
16 354
16 352
16 388
16 299
17 97
17 145
17 190
17 527
17 247
17 542
17 146
17 763
17 72
17 306
17 479
17 907
17 44
17 128
17 726
17 989
17 30
17 213
17 777
17 596
17 95
17 230
17 926
17 166
17 788
17 177
17 23
17 832
17 58
17 411
17 744
17 815
17 618
17 768
17 41
17 555
17 467
17 988
17 243
17 165
18 24
18 465
18 550
18 60
18 504
18 911
18 326
18 313
18 315
18 980
18 798
18 452
18 824
18 147
18 961
18 928
18 77
18 713
18 381
18 918
18 245
18 963
18 32
18 83
18 593
18 259
18 34
18 43
18 92
18 858
18 191
18 665
18 36
18 962
18 47
18 472
18 65
18 88
18 761
18 352
18 644
18 201
18 446
18 634
18 355
18 52
18 22
18 102
18 281
18 827
18 157
18 68
18 685
18 495
18 586
18 48
18 932
18 252
18 311
18 427
18 513
18 374
18 959
18 122
18 28
18 745
18 186
18 158
18 222
18 992
18 997
18 81
18 421
19 327
19 129
19 23
19 839
19 794
19 278
19 235
19 945
19 94
19 970
19 492
19 65
19 927
19 116
19 76
19 634
19 226
19 533
19 460
19 270
19 286
19 192
19 206
19 907
19 935
19 390
19 359
19 752
19 781
19 445
19 651
19 977
19 454
19 674
19 28
19 982
19 401
19 501
19 22
19 889
19 134
19 673
19 309
19 31
19 417
19 791
19 26
19 200
19 332
19 917
19 486
19 164
19 135
19 746
19 464
19 266
19 369
19 73
19 149
19 931
19 195
20 87
20 187
20 399
20 740
20 595
20 27
20 230
20 925
20 29
20 43
20 861
20 652
20 836
20 28
20 665
20 707
20 24
20 643
20 132
20 561
20 631
20 244
20 35
20 918
20 622
20 206
20 378
20 39
20 145
20 384
20 48
20 653
20 85
20 320
20 97
20 125
20 747
20 295
20 694
20 210
20 906
20 647
20 82
20 660
20 166
20 45
20 196
20 760
20 347
20 510
20 639
20 874
20 88
21 462
21 76
21 93
21 926
21 28
21 279
21 325
21 704
21 40
21 458
21 51
21 839
21 640
21 686
21 34
21 388
21 846
21 136
21 988
21 226
21 349
21 698
21 595
21 25
21 603
21 59
21 100
21 490
22 174
22 91
22 34
22 362
22 57
22 883
22 190
22 123
22 653
22 425
22 663
22 904
22 41
22 501
22 832
22 809
22 32
22 426
22 532
22 539
22 387
22 911
22 152
22 54
22 428
22 101
22 569
22 283
22 778
22 173
22 143
22 814
22 842
22 351
22 86
22 920
22 629
22 36
22 183
22 410
22 867
22 512
22 243
22 320
22 557
22 40
22 56
22 111
22 514
23 964
23 40
23 428
23 314
23 464
23 995
23 334
23 287
23 232
23 429
23 75
23 737
23 564
23 87
23 38
23 116
23 28
23 996
23 143
23 801
23 31
23 241
23 29
23 48
23 463
23 338
23 164
23 115
23 441
23 718
23 600
23 227
23 658
23 58
23 91
23 722
23 621
23 623
23 169
23 230
23 43
23 223
23 807
23 321
23 253
24 582
24 732
24 290
24 193
24 27
24 336
24 67
24 416
24 32
24 549
24 954
24 335
24 53
24 115
24 821
24 774
24 206
24 265
24 86
24 298
24 467
24 323
24 628
24 565
24 884
24 223
24 964
24 339
24 422
24 58
24 328
24 687
24 105
24 989
24 200
24 178
24 656
24 448
24 367
24 901
24 685
24 403
24 214
24 196
24 120
24 150
24 197
24 412
24 28
24 486
24 700
24 94
24 502
24 370
24 209
24 803
24 155
24 520
24 245
24 447
24 330
25 77
25 651
25 602
25 449
25 917
25 677
25 430
25 999
25 98
25 453
25 102
25 82
25 284
25 697
25 926
25 91
25 493
25 190
25 214
25 142
25 488
26 410
26 635
26 454
26 37
26 566
26 850
26 194
26 412
26 722
26 319
26 703
26 43
26 304
26 252
26 934
26 89
26 165
26 452
26 29
26 426
26 693
26 87
26 770
26 230
26 685
26 506
26 46
26 396
26 590
26 213
26 76
26 214
26 633
26 620
26 61
26 71
26 317
26 883
26 303
26 955
26 324
26 936
26 300
26 127
26 327
26 47
26 250
27 162
27 56
27 46
27 887
27 111
27 290
27 74
27 879
27 39
27 121
27 335
27 652
27 989
27 784
28 31
28 170
28 388
28 155
28 369
28 424
28 677
28 490
28 593
28 232
28 867
28 221
28 564
28 380
28 99
28 683
28 856
28 171
28 60
28 95
28 48
28 121
28 215
28 150
28 181
28 777
28 329
28 112
28 311
28 97
28 747
28 844
28 690
28 657
28 876
28 188
28 516
28 410
28 201
28 342
28 799
28 840
28 279
29 103
29 30
29 88
29 161
29 380
29 972
29 408
29 56
29 575
29 324
29 388
29 115
29 53
29 573
29 851
29 226
29 419
29 98
29 70
29 366
29 142
29 263
29 117
29 779
29 245
29 530
29 181
29 325
29 398
29 463
29 811
29 111
29 112
29 838
29 702
29 175
29 461
29 775
29 861
30 171
30 486
30 669
30 316
30 663
30 330
30 729
30 883
30 661
30 475
30 70
30 799
30 523
30 982
30 287
30 490
30 555
30 428
30 244
30 129
30 657
30 280
30 601
30 315
30 170
30 173
30 589
30 483
30 430
30 181
30 184
30 426
30 118
30 812
30 78
30 608
30 606
31 98
31 781
31 341
31 167
31 383
31 438
31 474
31 176
31 356
31 480
31 147
31 430
31 916
31 880
31 987
31 162
31 217
31 280
31 56
31 285
31 935
31 404
31 924
31 873
31 699
31 119
31 79
31 128
31 48
31 761
31 175
31 93
31 930
32 895
32 804
32 92
32 131
32 170
32 145
32 75
32 112
32 139
32 951
32 207
32 252
32 59
32 201
32 305
32 884
32 101
33 340
33 135
33 405
33 759
33 613
33 447
33 35
33 838
33 983
33 871
33 985
33 422
33 520
33 63
33 53
33 661
34 799
34 50
34 536
34 686
34 238
34 442
34 428
34 694
34 728
34 48
34 541
34 475
34 426
34 192
34 444
34 760
34 383
34 372
34 43
34 960
34 319
34 234
34 357
34 713
34 246
34 39
34 337
34 360
35 427
35 272
35 564
35 543
35 797
35 449
35 128
35 58
35 999
35 794
35 703
35 159
35 506
35 210
35 48
35 214
35 167
35 75
35 136
35 64
35 756
35 585
35 59
35 174
35 743
35 143
35 525
35 735
35 98
35 71
35 410
35 316
35 456
35 505
36 622
36 767
36 39
36 806
36 962
36 83
36 593
36 228
36 207
36 176
36 599
36 170
36 586
36 678
36 163
36 793
36 247
36 735
36 930
36 608
36 253
36 759
36 428
36 260
36 192
36 254
37 862
37 46
37 374
37 508
37 788
37 118
37 199
37 204
37 130
37 933
37 178
37 557
37 456
37 283
37 883
37 477
37 343
37 847
38 130
38 213
38 363
38 540
38 822
38 763
38 717
38 636
38 735
38 167
38 101
38 949
38 348
38 330
38 890
38 240
38 430
39 729
39 152
39 129
39 250
39 558
39 70
39 699
39 324
39 101
39 712
39 234
39 414
39 626
39 349
39 76
39 494
39 188
39 597
39 246
39 216
39 429
39 648
40 759
40 518
40 346
40 337
40 388
40 326
40 762
40 66
40 203
40 484
40 930
40 51
40 805
40 238
40 116
40 249
40 440
40 398
40 124
40 155
40 589
40 143
40 274
40 139
40 352
40 151
40 107
40 181
40 47
40 86
40 919
41 500
41 48
41 887
41 696
41 88
41 630
41 462
41 75
41 843
41 272
41 394
41 247
41 81
41 370
41 796
41 112
41 654
41 397
41 90
41 423
41 64
41 382
41 97
41 350
41 71
41 343
41 92
41 393
41 210
41 69
41 731
41 513
41 385
42 264
42 648
42 60
42 339
42 128
42 246
42 703
42 829
42 277
42 193
42 57
42 312
42 118
42 130
42 378
42 736
42 592
42 179
42 567
42 458
42 223
42 403
42 644
42 755
42 691
42 278
42 150
42 525
43 451
43 983
43 100
43 472
43 116
43 484
43 408
43 529
43 561
43 278
43 189
43 594
43 774
43 619
43 746
43 716
43 640
43 185
43 272
43 81
43 919
43 77
43 148
43 105
43 260
43 183
43 496
44 203
44 568
44 957
44 948
44 898
44 47
44 409
44 658
44 579
44 237
44 438
44 517
45 527
45 64
45 118
45 454
45 499
45 382
45 161
45 354
45 895
45 941
45 755
45 272
45 699
45 252
46 332
46 53
46 117
46 269
46 443
46 433
46 288
46 934
46 131
46 304
46 453
46 140
46 221
46 768
46 961
46 554
47 522
47 643
47 341
47 65
47 221
47 520
47 472
47 895
47 70
47 156
47 764
47 268
47 75
47 241
47 621
47 109
47 112
47 893
47 970
47 580
47 547
47 59
48 208
48 914
48 601
48 508
48 785
48 412
48 241
48 227
48 581
48 969
48 339
48 408
48 119
48 578
48 91
48 263
48 111
48 884
48 236
49 984
49 815
49 226
49 367
49 741
49 219
49 908
49 818
49 74
49 723
49 646
49 321
49 96
49 700
50 303
50 751
50 73
50 553
50 991
50 507
50 452
50 735
50 466
50 132
50 402
50 171
50 563
51 151
51 64
51 122
51 250
51 563
51 499
51 567
51 447
51 725
51 414
51 486
51 797
51 279
51 123
52 885
52 507
52 597
52 221
52 473
52 53
52 553
52 143
52 353
52 965
52 109
53 201
53 208
53 723
53 522
53 577
53 665
53 251
53 729
53 784
53 146
53 346
53 187
53 913
53 267
53 366
53 426
53 875
53 253
53 181
53 727
53 787
53 889
53 57
53 948
53 648
53 804
54 923
54 272
54 185
54 681
54 539
54 228
54 63
54 390
54 979
54 266
54 768
54 950
54 56
54 111
54 929
54 337
54 661
54 849
54 786
54 654
54 252
55 61
55 79
55 362
55 601
55 216
55 750
55 676
55 582
55 162
55 96
55 144
55 996
55 205
56 432
56 606
56 830
56 503
56 83
56 113
56 84
56 136
56 232
56 97
56 177
56 560
56 497
56 791
56 212
56 753
56 221
56 833
56 199
56 575
56 342
56 63
56 60
56 376
56 774
56 731
56 384
56 574
56 580
56 558
56 772
56 306
56 723
57 689
57 86
57 817
57 946
57 341
57 488
57 881
57 363
57 246
57 378
57 69
57 190
57 67
57 191
57 289
57 728
57 393
57 568
57 925
57 295
57 553
57 96
57 214
57 695
57 132
57 64
57 902
57 110
57 236
57 606
57 638
57 81
57 120
57 708
57 382
58 342
58 882
58 132
58 437
58 904
58 477
58 60
58 118
58 353
58 491
58 545
58 432
58 953
58 206
58 310
58 231
58 76
58 948
58 292
58 551
58 71
58 673
58 675
58 274
58 130
58 117
58 436
58 256
58 498
58 376
58 275
59 583
59 542
59 125
59 138
59 402
59 358
59 229
59 565
59 442
59 398
59 355
59 866
59 618
59 342
59 390
59 452
59 359
59 405
59 108
59 209
59 282
60 157
60 67
60 514
60 821
60 716
60 130
60 154
60 459
60 113
60 165
60 356
60 186
60 538
60 546
60 352
60 63
60 208
60 179
60 74
60 968
60 129
60 720
61 323
61 741
61 489
61 918
61 361
61 629
61 307
61 495
61 156
61 358
61 116
61 167
61 512
61 447
61 168
61 111
61 240
61 326
61 351
61 771
61 401
62 579
62 160
62 999
62 886
62 518
62 930
62 758
62 487
62 261
62 366
62 624
62 426
62 202
62 660
63 72
63 583
63 778
63 966
63 164
63 585
63 776
63 153
63 187
63 626
63 67
63 722
63 275
63 100
63 282
63 781
63 119
63 79
63 104
63 420
63 213
64 154
64 980
64 656
64 131
64 549
64 176
64 174
64 993
64 213
64 333
64 123
64 217
64 122
64 229
64 313
64 848
64 637
64 955
64 173
64 159
64 619
64 362
64 535
64 726
64 240
64 529
64 347
64 105
64 303
65 155
65 391
65 996
65 121
65 168
65 386
65 797
65 625
65 85
65 253
65 960
65 600
65 898
65 118
65 476
65 754
65 400
66 146
66 78
66 450
66 375
66 619
66 123
66 121
66 738
66 298
66 167
66 308
67 383
67 466
67 905
67 687
67 931
67 131
67 620
67 697
67 306
67 85
67 416
67 275
67 513
68 764
68 450
68 726
68 545
68 153
68 131
68 227
68 795
68 656
68 493
68 792
68 503
68 144
68 254
68 689
69 102
69 139
69 178
69 623
69 559
69 535
69 437
69 199
69 258
69 108
69 477
69 152
69 687
70 227
70 356
70 376
70 331
70 381
70 326
70 258
70 684
70 243
70 95
70 298
70 74
70 270
70 166
71 981
71 451
71 658
71 302
71 761
72 220
72 157
72 79
72 84
72 217
72 697
72 399
72 132
72 888
73 435
73 105
73 799
73 975
73 752
73 727
73 98
73 860
73 364
73 367
73 91
73 247
73 167
73 594
73 467
73 300
73 187
73 475
73 445
74 584
74 485
74 969
74 286
74 354
74 864
74 112
74 840
74 618
74 985
74 100
75 461
75 240
75 285
75 541
75 446
75 353
75 123
75 254
75 320
75 536
75 889
75 253
75 592
75 785
76 349
76 223
76 524
76 274
76 308
76 666
76 287
76 440
76 269
76 204
76 509
76 399
76 222
76 77
76 359
77 437
77 110
77 277
77 439
77 383
77 84
77 853
77 905
77 412
77 280
77 86
77 971
77 684
77 638
77 367
77 738
77 121
77 711
77 178
77 453
77 125
77 789
77 447
77 876
77 306
77 780
77 273
77 539
77 457
77 865
77 170
78 961
78 582
78 497
78 350
78 210
78 181
78 678
78 843
78 671
78 216
78 332
78 163
78 419
78 278
78 305
78 595
78 203
78 229
78 220
78 723
78 282
78 239
78 721
78 222
78 234
78 505
78 716
78 577
78 491
79 485
79 342
79 993
79 538
79 442
79 137
79 648
79 716
79 225
79 844
79 305
79 311
79 86
79 899
79 623
79 175
79 846
79 374
79 119
79 145
79 411
80 296
80 181
80 353
80 703
80 374
80 226
80 379
80 990
80 531
81 169
81 262
81 144
81 531
81 317
81 682
81 82
82 693
82 463
82 142
82 292
82 243
82 422
82 211
82 263
82 616
82 177
82 207
82 108
82 803
83 468
83 759
83 366
83 155
83 331
83 142
83 238
83 941
83 352
83 419
83 141
84 203
84 925
84 329
84 842
84 254
84 661
84 540
84 943
84 437
85 104
85 238
85 129
85 269
85 547
85 418
85 221
85 91
85 266
86 141
86 508
86 190
86 916
86 150
86 186
86 106
86 261
86 104
86 360
86 249
86 830
86 571
86 504
86 817
86 95
86 706
86 172
86 632
86 888
86 557
86 254
86 279
86 458
86 580
86 616
87 976
87 147
87 183
87 946
87 667
87 326
87 614
87 435
87 811
88 743
88 378
88 613
88 553
88 95
88 453
88 184
88 206
88 493
88 160
88 514
88 492
88 506
88 548
88 670
88 323
89 429
89 565
89 912
89 984
89 280
89 507
89 309
89 282
89 730
89 773
89 746
90 912
90 545
90 943
90 488
90 862
90 109
90 720
90 264
90 108
90 676
90 536
90 307
91 255
91 417
91 706
91 766
91 131
91 418
91 642
91 683
91 407
91 361
91 494
91 740
91 580
91 123
91 493
91 719
91 106
91 195
91 808
91 210
91 482
91 165
92 274
92 199
92 732
92 147
92 646
92 150
92 175
92 587
92 376
92 189
92 486
92 877
93 204
93 426
93 275
93 653
93 278
93 675
93 364
93 689
93 480
93 370
93 506
93 345
93 353
93 836
94 362
94 716
94 199
94 606
94 110
94 498
94 892
94 365
94 378
94 638
94 230
94 773
94 678
95 950
95 417
95 498
95 526
95 663
95 508
95 389
95 870
95 581
95 643
95 692
96 753
96 940
96 975
96 106
96 182
96 289
96 198
96 191
97 755
97 200
97 104
97 886
97 281
97 691
97 546
97 326
97 160
97 598
97 296
97 549
97 102
97 904
97 197
97 391
97 887
97 588
97 246
97 336
98 670
98 905
98 782
98 479
98 789
98 319
98 115
98 544
98 131
98 403
98 793
98 754
98 132
98 244
99 324
99 398
99 793
99 362
99 323
99 175
99 173
99 139
99 212
99 389
99 256
99 158
99 847
99 282
99 758
99 806
99 797
99 200
99 126
100 887
100 146
100 181
100 397
100 206
100 166
100 335
100 258
100 103
100 110
100 156
100 689
100 109
100 848
100 901
100 542
100 102
101 808
101 284
101 385
101 155
101 161
101 403
101 404
101 933
101 258
101 799
101 386
101 564
101 706
101 249
101 151
101 513
101 111
101 203
101 341
102 158
102 135
102 301
102 917
102 453
102 545
102 665
102 297
102 113
102 222
102 162
102 157
102 171
102 980
103 862
103 363
103 725
103 142
103 920
103 578
103 133
103 211
103 352
104 465
104 495
104 857
104 270
104 702
104 901
104 357
104 143
104 496
104 571
104 409
104 369
104 483
104 748
104 842
104 453
104 330
104 510
105 362
105 653
105 372
105 395
105 669
105 241
105 734
105 216
105 610
105 473
105 234
105 530
105 993
105 138
105 423
105 714
105 823
106 481
106 241
106 536
106 730
106 129
106 385
106 899
106 210
106 933
106 731
106 540
106 176
107 244
107 362
107 616
107 160
107 983
107 823
107 221
107 694
107 814
107 153
107 579
107 312
107 413
107 132
107 937
107 176
107 340
107 329
107 554
108 256
108 387
108 878
108 797
108 471
108 196
108 158
108 523
108 490
108 607
109 235
109 467
109 715
109 245
109 161
109 152
109 949
109 964
109 163
109 307
109 220
109 381
109 782
109 793
109 804
109 556
109 617
109 487
109 206
109 373
109 139
110 990
110 192
110 488
110 338
110 775
110 891
110 582
110 173
110 180
110 386
110 380
110 166
111 127
111 833
111 727
111 203
111 344
111 855
111 424
111 358
111 439
111 541
112 406
112 295
112 971
112 251
112 684
112 367
112 558
112 321
112 360
112 693
112 997
112 296
112 589
112 190
112 811
112 672
112 663
112 846
112 615
112 449
113 416
113 197
113 666
113 846
113 867
113 821
113 399
113 124
113 446
113 122
113 289
113 251
114 148
114 181
114 429
114 187
114 793
114 396
114 233
115 394
115 613
115 273
115 190
115 864
115 913
115 919
115 816
115 617
115 664
115 247
115 297
116 281
116 167
116 819
116 307
116 740
116 924
116 732
116 139
116 378
116 523
116 905
116 787
116 341
116 928
116 161
116 207
116 186
117 681
117 584
117 964
117 271
117 285
117 948
117 397
117 268
117 630
118 488
118 276
118 789
118 462
118 260
118 986
118 194
118 652
118 953
118 139
118 408
118 241
118 250
118 438
118 665
119 692
119 764
119 320
119 484
119 779
119 835
119 997
119 450
119 905
119 179
119 257
119 712
119 310
120 160
120 217
120 427
120 757
120 714
120 523
120 262
120 529
120 218
120 357
120 566
120 263
120 232
120 195
120 156
121 808
121 921
121 607
121 196
121 655
121 599
122 773
122 147
122 877
122 588
122 818
122 929
122 436
122 554
122 347
122 139
122 395
122 870
123 646
123 367
123 471
123 772
123 474
123 647
123 317
123 431
123 137
123 686
123 508
123 489
123 321
124 321
124 941
124 325
124 453
124 554
124 922
124 235
124 381
124 711
124 744
124 627
125 763
125 188
125 837
125 458
125 129
125 173
125 556
125 533
126 991
126 653
126 411
126 591
126 192
126 187
126 426
126 391
126 702
126 233
127 586
127 449
127 520
127 137
127 764
127 315
127 742
127 246
128 721
128 318
128 820
128 346
128 214
128 135
128 528
128 565
128 350
128 728
129 240
129 138
129 170
129 569
129 173
129 491
129 471
129 260
129 329
129 159
129 437
129 344
129 241
129 958
129 773
129 790
129 896
129 914
129 174
129 235
130 347
130 240
130 154
130 185
130 132
130 612
130 495
130 318
130 314
130 520
130 548
130 247
130 670
130 136
130 222
131 411
131 874
131 262
131 138
131 939
131 481
131 405
131 471
131 200
131 634
131 858
131 455
131 942
131 773
131 955
131 289
132 508
132 930
132 396
132 655
132 237
132 634
132 486
132 667
132 527
132 360
132 201
132 641
132 387
132 147
132 185
132 958
132 173
133 174
133 809
133 386
133 288
133 285
133 271
133 304
133 159
134 707
134 882
134 728
134 325
134 174
134 207
134 783
134 542
134 255
134 616
134 421
134 897
134 257
134 422
134 318
134 417
135 259
135 222
135 326
135 251
135 622
135 630
135 215
135 339
135 219
135 302
135 515
135 164
135 200
136 372
136 572
136 340
136 671
136 647
136 262
136 347
136 242
136 818
136 731
137 268
137 459
137 152
137 656
137 169
137 143
137 794
137 345
137 204
137 192
137 147
137 289
137 889
137 263
137 683
137 713
137 377
138 192
138 548
138 952
138 462
138 181
138 775
138 315
139 345
139 346
139 225
139 204
139 676
139 311
139 853
139 635
139 188
139 972
139 818
139 294
140 751
140 246
140 222
140 795
140 294
140 862
140 954
140 176
140 852
140 391
140 228
140 925
141 466
141 428
141 448
141 849
141 893
142 679
142 285
142 721
142 769
142 226
142 652
142 631
142 840
142 507
142 817
143 942
143 817
143 665
143 896
143 887
143 200
143 627
143 681
143 667
143 949
144 396
144 941
144 814
144 524
144 864
144 859
144 856
144 183
144 910
145 839
145 702
145 823
145 615
145 350
145 160
145 677
145 310
146 509
146 192
146 637
146 219
146 222
146 719
146 621
146 917
146 548
146 768
146 633
146 177
146 337
146 649
146 779
146 976
146 795
146 228
146 316
146 658
147 162
147 788
147 715
147 891
147 321
147 691
147 800
147 346
147 441
147 832
147 371
147 567
147 890
147 495
147 462
147 342
148 484
148 316
148 605
148 640
148 275
148 644
148 927
148 293
149 605
149 979
149 783
149 188
149 579
149 470
149 436
149 293
150 924
150 163
150 156
150 772
150 899
150 301
150 244
150 464
150 913
151 266
151 259
151 920
151 269
151 648
151 371
151 802
151 318
152 225
152 690
152 873
152 683
152 451
152 617
152 179
152 415
152 666
152 642
153 240
153 237
153 207
153 331
153 737
153 217
153 849
153 251
153 721
153 936
153 600
153 916
154 302
154 208
154 447
154 825
154 234
154 885
154 266
154 560
154 343
154 309
155 320
155 938
155 845
155 427
155 213
155 537
155 926
156 788
156 888
156 946
156 629
156 619
156 688
156 886
156 190
157 400
157 324
157 772
157 610
157 162
157 190
157 381
157 451
157 264
157 211
157 619
157 251
158 591
158 687
158 214
158 911
158 331
158 767
158 649
158 236
158 698
158 640
159 830
159 460
159 605
159 671
160 573
160 392
160 162
160 555
160 202
160 770
160 535
160 742
160 434
160 194
160 837
160 275
160 284
161 840
161 267
161 350
161 238
161 809
161 756
161 289
162 340
162 739
162 470
162 511
162 235
162 441
162 965
162 436
162 790
162 223
163 547
163 835
163 272
163 580
163 611
163 214
163 537
163 172
164 720
164 791
164 530
164 932
165 796
165 350
165 904
165 310
165 296
165 916
165 450
166 230
166 609
166 243
166 754
167 215
167 534
167 369
167 180
167 858
167 268
167 741
168 897
168 652
168 993
168 871
168 523
168 578
169 406
169 698
169 570
169 992
169 715
169 933
169 563
169 564
170 688
170 566
170 381
170 450
170 304
170 636
170 556
170 473
171 493
171 246
171 990
171 528
171 623
171 217
171 318
171 397
172 367
172 488
172 418
172 289
172 989
172 390
172 651
172 668
173 748
173 309
173 386
173 334
173 423
173 785
173 261
173 936
173 492
173 272
173 975
173 341
173 625
173 604
173 999
174 218
174 863
174 301
174 712
174 506
174 448
174 628
174 501
174 339
174 415
174 281
174 633
174 847
174 869
174 654
175 284
175 262
175 518
176 841
176 578
176 674
176 192
176 744
176 185
176 241
177 346
177 366
178 741
178 786
178 783
178 219
178 492
178 642
178 714
178 288
178 754
179 622
179 636
179 967
179 568
179 977
179 339
179 605
179 268
179 789
179 795
179 539
180 283
180 861
180 550
180 431
180 523
180 572
180 420
180 944
180 182
180 457
180 296
181 316
181 252
181 400
181 366
181 790
181 477
181 634
181 776
181 580
181 246
182 331
182 891
182 818
182 298
182 370
182 293
182 928
182 257
182 982
183 705
183 999
183 653
183 476
183 539
183 244
183 658
183 415
183 550
183 212
183 394
183 194
184 320
184 614
184 365
184 724
184 891
184 522
185 952
185 447
185 297
185 894
185 404
185 525
185 734
185 922
185 882
185 800
186 604
186 615
186 191
186 841
186 483
186 381
186 395
186 233
186 762
186 748
186 272
187 420
187 568
187 314
187 296
188 294
188 768
188 232
188 219
188 388
189 266
189 670
189 956
189 628
189 857
189 285
189 921
189 722
189 903
190 232
190 569
190 615
190 291
190 515
191 701
191 697
191 557
191 726
191 680
191 434
191 617
191 276
191 289
192 827
192 236
192 856
193 733
193 279
193 210
193 875
193 759
193 640
193 203
194 736
194 771
194 920
194 437
194 232
194 676
194 974
194 743
194 455
194 825
194 395
194 496
194 342
195 445
195 893
195 299
196 952
196 972
196 246
196 557
196 790
196 262
196 230
197 953
197 206
197 225
197 852
197 306
197 523
197 723
197 315
197 792
198 725
198 559
198 910
198 793
198 228
198 397
198 329
199 837
199 355
199 260
199 747
200 475
200 807
200 648
200 371
201 816
201 462
201 567
201 916
201 667
201 737
202 447
202 260
202 560
202 538
202 459
202 408
202 703
202 203
202 356
202 271
202 481
202 872
203 546
203 416
203 499
203 235
203 622
203 960
203 690
203 604
204 373
204 865
204 267
204 316
204 943
204 583
204 826
204 846
205 334
205 911
205 290
205 826
205 242
205 343
206 610
206 451
206 441
206 213
206 735
206 374
206 653
206 405
206 472
206 757
207 867
207 269
207 415
207 533
207 443
208 383
208 254
208 411
208 816
208 425
208 728
208 569
208 404
209 947
209 643
209 867
209 460
209 299
209 650
209 766
209 420
209 424
210 219
210 556
210 365
210 260
210 227
211 842
211 945
211 289
211 641
211 308
211 499
211 216
212 625
212 819
212 325
212 473
212 217
212 401
212 822
212 994
212 862
213 705
213 710
213 488
213 344
213 692
213 388
213 365
213 662
213 978
213 669
213 329
213 851
213 844
214 878
214 360
214 748
214 575
214 375
214 255
214 527
214 327
214 215
214 359
215 296
215 433
215 851
215 385
215 546
215 241
216 541
216 308
216 853
216 865
216 432
216 495
217 668
217 437
217 272
217 867
217 908
217 958
217 364
218 384
218 258
218 295
218 610
218 704
218 879
218 284
219 683
219 566
219 471
219 926
219 558
219 447
219 909
219 613
219 320
219 974
219 326
219 409
220 933
220 237
220 427
220 388
220 684
220 752
220 267
220 769
220 939
221 954
221 397
221 950
221 271
221 440
221 350
221 765
222 591
222 436
222 322
222 338
222 963
222 655
222 873
223 417
223 431
223 843
223 659
223 329
223 823
224 790
224 287
224 265
224 861
224 296
224 344
224 887
224 535
224 974
224 957
225 309
225 510
225 429
225 598
225 371
225 747
225 673
225 258
226 707
226 277
226 414
226 865
226 936
226 439
227 254
227 708
227 250
227 636
228 463
228 834
228 311
228 998
229 533
229 326
229 696
229 242
229 546
229 377
229 874
229 715
229 251
230 730
230 327
230 626
230 250
230 644
230 482
230 879
230 996
230 470
231 584
231 247
231 333
231 368
231 294
232 558
232 537
232 348
232 276
233 547
233 509
233 844
233 238
233 551
233 596
233 876
233 932
234 316
234 664
234 522
234 508
234 637
234 732
234 442
234 832
235 238
235 819
235 403
235 776
235 607
235 970
235 508
235 461
235 449
236 611
236 502
236 391
237 296
237 944
237 376
237 535
237 703
237 348
237 366
237 824
237 419
238 302
238 359
238 968
238 509
238 437
238 575
238 671
239 655
239 551
239 953
239 533
239 284
240 562
240 962
240 860
240 637
240 573
240 244
241 368
241 461
241 258
241 883
241 637
241 793
242 401
242 386
242 663
243 834
243 947
243 892
243 696
243 441
243 327
243 328
244 478
244 329
244 320
244 361
244 362
244 618
245 426
245 632
245 873
245 987
246 666
246 393
246 784
246 301
246 505
246 781
246 553
246 285
246 287
246 656
246 682
246 410
247 261
247 767
247 808
247 603
247 909
247 756
247 833
247 642
248 775
248 499
248 869
248 574
248 290
248 272
248 320
249 455
249 497
249 278
249 623
249 340
249 717
249 270
250 262
250 293
250 456
250 252
250 753
250 697
251 919
251 398
251 698
251 805
251 782
251 820
251 595
251 383
251 410
251 393
251 991
251 692
251 570
251 759
252 372
252 590
252 917
252 585
252 505
252 508
253 402
253 344
253 537
253 334
253 443
254 299
254 623
254 645
254 966
254 957
254 295
254 897
255 778
255 641
255 839
255 703
255 782
255 577
256 544
256 423
256 559
256 645
256 457
256 956
256 292
257 817
257 412
257 481
257 859
257 900
257 489
258 934
259 351
259 336
259 328
259 899
259 848
259 706
259 373
260 946
260 591
260 524
260 973
260 379
260 543
261 621
261 476
261 437
262 285
262 573
262 278
262 765
263 760
263 419
263 803
264 373
264 781
265 422
265 797
265 448
266 490
266 638
266 574
266 286
266 857
266 375
266 620
266 755
267 885
267 724
267 744
267 778
267 775
268 465
268 332
268 586
268 819
268 278
268 806
268 591
268 764
268 424
269 592
269 876
269 863
269 395
269 808
269 980
270 500
270 520
270 391
270 775
270 718
270 624
270 427
271 454
271 922
271 603
271 444
271 280
271 749
271 310
272 798
272 873
272 339
272 472
272 489
272 315
272 438
272 541
272 495
273 391
273 758
273 515
273 824
274 411
274 357
274 351
274 533
274 505
275 328
275 865
276 625
276 447
276 584
276 512
276 966
276 857
276 603
276 539
276 324
276 794
276 608
277 899
277 343
277 287
277 512
277 989
277 928
277 291
278 398
278 457
278 582
278 699
278 661
278 860
278 307
278 462
279 572
279 565
279 516
279 765
280 593
280 962
280 422
280 811
281 447
281 423
282 550
282 624
282 670
282 930
282 598
282 585
282 615
282 465
283 378
284 476
284 946
284 769
284 304
285 946
285 694
285 872
285 598
285 438
285 931
285 987
286 565
286 326
286 837
286 512
286 340
286 988
286 363
287 299
287 469
287 963
287 307
288 465
288 762
288 931
288 537
288 366
288 468
289 892
289 343
289 810
289 849
289 501
290 344
290 894
290 521
290 798
290 788
290 947
291 630
291 497
291 344
291 574
291 417
291 360
291 579
291 710
291 428
291 522
292 620
292 981
292 940
292 714
292 317
293 382
293 815
293 458
293 643
293 594
293 935
293 302
293 672
294 674
294 360
294 860
295 305
295 469
295 866
295 350
295 388
295 652
296 525
296 882
296 813
296 335
296 403
297 775
297 469
297 424
297 498
297 741
298 422
298 510
298 392
298 967
298 432
298 871
298 724
299 940
299 373
299 785
299 374
300 581
300 583
300 348
300 527
301 348
301 683
301 559
301 456
302 562
302 496
302 534
302 423
302 711
302 370
303 424
303 775
303 385
303 371
303 467
303 542
304 464
304 477
304 988
304 807
305 416
305 371
305 419
305 323
305 907
306 650
306 528
307 826
307 872
307 656
307 754
308 429
308 933
308 460
308 995
308 962
309 863
309 525
310 770
310 854
310 818
310 880
311 343
311 886
311 950
311 977
311 611
311 588
312 985
312 886
312 753
312 739
312 333
313 621
313 413
313 352
313 732
313 829
313 803
313 618
313 672
313 620
314 658
314 723
314 322
314 384
315 892
315 497
315 919
315 855
315 512
315 612
315 684
315 400
315 509
316 859
316 912
316 466
316 683
316 431
316 586
316 891
316 551
316 645
316 608
316 710
317 367
317 643
317 590
317 431
317 845
317 403
317 360
318 485
318 334
318 709
319 987
319 544
319 703
319 522
319 448
319 872
319 524
319 687
319 386
320 577
320 475
321 558
321 576
321 701
321 489
321 668
321 581
321 506
322 445
322 886
322 419
322 377
322 734
322 941
323 928
323 736
323 496
323 826
324 345
324 330
324 878
324 739
324 978
324 669
324 432
325 604
326 452
326 522
326 600
326 430
326 535
326 934
326 962
326 845
327 537
328 329
328 342
328 531
329 654
329 730
330 663
330 756
331 761
331 665
331 511
331 877
331 945
331 577
331 720
331 815
332 892
332 567
332 573
332 744
332 460
332 992
332 438
332 362
333 401
333 943
333 523
333 813
333 440
334 731
334 960
335 502
335 915
335 800
335 365
335 912
336 945
336 616
336 559
337 515
337 410
337 625
337 948
337 593
337 760
337 396
338 382
338 859
338 637
338 840
338 635
339 568
339 363
339 530
339 609
340 865
341 828
341 450
341 349
341 748
341 511
342 540
343 726
344 898
344 717
344 645
344 562
345 838
345 809
346 427
346 874
346 871
346 508
347 351
347 396
347 698
347 495
347 528
348 968
348 949
348 877
348 406
349 683
349 937
349 932
349 844
349 525
349 457
350 709
350 869
350 429
350 859
351 387
351 673
351 610
351 449
352 691
352 880
352 380
353 713
353 699
353 446
353 359
353 851
354 900
354 700
354 831
354 805
355 434
355 380
356 466
356 916
356 359
356 938
356 531
356 499
357 516
357 471
357 556
357 453
357 450
357 449
358 822
358 541
358 409
358 386
358 764
358 810
359 405
359 844
359 624
359 614
360 834
360 487
361 421
361 443
361 462
361 476
362 378
362 598
362 401
363 924
363 572
364 740
364 501
364 520
364 814
365 974
365 550
365 916
365 876
365 666
365 433
365 715
365 523
365 584
366 865
366 421
366 852
367 575
367 521
367 851
367 577
367 449
368 695
368 650
368 606
368 963
368 630
368 842
369 673
369 376
369 700
369 965
370 791
370 479
370 570
370 627
370 382
371 769
371 455
371 521
372 796
372 969
372 566
373 987
373 628
373 661
373 406
373 972
374 969
374 612
375 793
375 607
376 723
377 804
377 606
377 416
377 927
377 801
377 626
378 381
378 623
378 963
379 435
379 568
379 671
379 733
379 889
380 988
380 864
380 554
381 725
382 393
383 648
383 582
384 976
384 858
384 711
385 524
385 844
385 418
385 397
386 672
387 762
387 955
389 834
389 636
389 680
390 504
390 439
390 600
391 900
391 542
391 478
391 661
392 964
392 849
392 864
392 431
393 940
393 987
394 423
394 705
394 692
395 944
395 855
395 842
396 903
396 872
396 970
397 729
397 931
397 580
398 451
398 986
398 730
399 738
399 807
399 986
400 947
400 770
400 994
400 592
401 747
401 845
401 829
402 530
402 790
402 772
403 585
404 977
404 555
404 470
405 673
405 475
405 667
406 967
406 673
406 763
406 427
406 526
407 438
407 512
407 726
407 834
407 677
407 943
408 631
409 484
409 719
409 799
410 870
410 591
411 839
411 869
412 511
412 959
413 857
413 733
413 516
413 555
413 489
413 880
414 548
414 630
414 660
415 607
415 892
415 556
415 676
416 651
416 435
416 419
417 482
417 951
417 567
417 965
417 425
417 519
417 851
418 632
418 812
418 712
418 601
418 875
418 421
419 890
420 436
420 639
420 695
420 431
421 519
421 726
421 926
421 880
421 469
422 837
423 425
424 823
424 553
424 634
424 551
424 685
424 727
424 614
424 763
424 489
425 480
425 641
425 733
425 579
425 514
425 755
426 536
426 845
426 785
426 585
426 890
427 854
427 689
428 705
428 440
429 749
429 719
429 624
429 517
430 768
430 896
430 973
431 663
431 497
432 458
432 620
432 453
432 954
433 515
433 485
434 711
434 822
434 584
434 478
434 544
435 485
435 695
435 821
436 476
436 933
436 863
436 829
437 686
437 611
437 914
438 519
439 766
439 894
439 644
439 958
439 950
440 975
441 831
441 529
443 498
443 993
443 648
443 730
443 746
443 677
444 871
444 787
444 711
445 641
446 577
446 505
446 599
446 522
446 954
446 538
447 984
447 938
447 816
447 823
448 532
448 910
449 518
449 565
450 969
450 454
450 901
450 659
451 544
452 985
452 835
452 779
452 587
452 572
452 979
453 942
454 599
454 833
454 465
454 647
455 502
455 745
455 812
455 686
455 939
455 936
456 609
456 747
456 978
457 616
457 677
458 490
458 735
459 991
459 742
459 950
460 463
461 835
461 915
461 650
461 475
462 560
462 866
463 843
463 841
463 877
464 869
466 609
466 619
466 559
467 812
468 607
468 856
468 838
468 806
469 682
469 861
469 938
469 635
469 647
470 881
470 495
471 784
471 672
472 519
472 707
472 801
472 800
473 791
473 479
473 677
473 503
474 608
474 771
474 984
474 752
475 864
477 523
477 519
477 864
478 915
478 695
478 771
478 800
479 663
479 660
479 742
480 517
480 937
480 869
481 682
481 807
482 642
482 822
482 557
483 509
483 510
483 602
483 635
483 824
484 527
484 718
484 629
485 675
486 574
486 752
486 784
486 657
486 531
487 780
487 539
487 497
488 532
488 834
489 769
489 501
490 969
490 660
491 509
491 885
491 767
492 895
492 531
493 702
493 944
494 885
494 797
495 504
495 913
496 804
496 528
497 572
497 774
497 810
498 518
498 971
498 804
498 963
499 558
499 852
500 514
500 709
500 642
500 827
501 849
502 691
502 767
502 995
502 722
503 560
503 777
504 734
504 527
505 560
506 701
506 893
507 554
507 527
507 566
508 814
509 998
509 765
510 514
510 727
510 866
510 719
511 860
512 816
512 559
513 657
513 942
513 728
514 870
514 973
514 788
515 908
515 943
516 996
516 864
516 792
517 744
517 857
517 986
517 998
518 827
518 603
519 833
520 945
520 665
521 850
521 901
522 578
522 702
522 720
523 961
523 701
524 775
524 978
526 612
526 662
526 646
526 991
527 678
528 735
528 673
528 696
529 560
531 827
531 982
532 845
532 536
532 906
533 656
533 681
533 884
534 911
534 944
534 979
534 666
534 788
535 783
536 724
537 671
537 927
537 868
538 704
538 799
538 580
539 897
539 765
540 741
540 952
540 852
540 580
540 564
541 812
542 805
542 743
543 637
543 990
543 977
543 921
543 813
544 641
544 913
544 897
544 980
545 901
545 546
546 820
547 603
548 907
549 908
549 875
550 883
550 693
550 878
551 719
552 668
552 770
552 985
552 807
552 908
553 700
554 659
555 973
556 832
557 771
557 650
557 875
558 837
558 792
558 832
558 640
559 706
560 702
560 653
561 968
561 599
561 598
561 566
562 798
562 918
563 928
563 735
563 747
565 688
565 707
566 636
566 618
567 737
567 611
568 877
569 766
570 576
570 766
571 745
571 581
571 744
572 749
572 866
573 825
574 648
575 728
575 731
576 765
576 962
576 968
576 739
577 903
578 902
579 714
579 688
581 836
582 733
582 638
583 893
583 672
583 712
584 994
584 846
584 667
585 786
585 781
585 984
586 663
587 942
587 814
587 977
587 910
587 790
588 592
588 962
589 649
589 881
590 863
592 951
593 872
593 692
594 675
594 990
594 621
595 841
596 638
596 868
597 780
597 676
597 785
597 956
597 697
598 770
599 796
600 955
601 809
601 850
602 779
602 713
602 749
602 894
603 918
603 884
603 627
604 739
605 628
606 966
606 722
606 617
606 784
607 753
608 909
609 920
609 883
611 652
612 668
612 633
613 750
613 763
614 802
614 827
615 978
616 814
618 736
619 816
621 675
621 664
622 853
622 629
623 875
623 847
624 967
624 958
624 773
625 939
626 751
627 952
627 773
628 954
628 729
628 755
629 709
631 761
631 949
631 674
632 678
632 824
632 922
633 718
633 750
633 665
634 655
635 718
636 662
636 982
638 978
639 970
639 724
639 909
639 664
641 835
642 661
642 907
643 825
643 802
644 934
644 973
645 888
645 779
646 679
647 726
649 786
649 970
650 820
651 898
651 862
654 904
654 974
655 699
655 845
656 757
657 738
657 780
657 860
658 771
659 789
659 707
660 958
660 797
661 802
662 880
662 828
662 843
664 865
664 836
665 746
665 889
667 724
668 868
669 739
670 873
671 758
673 796
674 803
674 820
674 902
675 687
676 988
677 971
677 787
678 893
679 840
679 848
679 753
680 905
680 948
680 784
681 782
682 858
682 810
685 938
685 703
686 762
688 854
688 742
689 976
689 741
690 836
690 910
690 808
691 967
691 711
692 939
693 936
694 912
695 836
696 992
697 795
699 705
699 766
700 968
701 751
701 819
703 894
704 710
704 815
705 728
705 863
706 838
706 902
706 718
707 833
707 951
708 813
709 822
710 879
710 795
713 767
714 774
715 920
716 959
718 791
720 956
721 967
721 777
721 976
723 953
724 733
725 794
725 745
726 928
727 814
729 882
729 986
731 918
732 870
733 771
734 821
734 931
736 874
736 854
737 944
737 998
738 952
738 876
738 991
740 831
741 925
742 959
743 752
744 905
745 983
745 783
746 802
748 830
749 959
749 809
749 891
750 997
750 777
751 884
753 890
753 903
753 923
754 858
754 757
756 885
758 855
759 817
759 929
760 912
762 869
764 787
764 851
764 872
765 896
766 796
768 932
768 904
769 995
770 858
774 996
775 804
776 945
777 900
778 856
778 960
780 853
780 943
783 981
788 937
792 999
792 806
794 896
794 971
795 826
796 937
797 929
798 997
798 799
801 854
801 947
802 961
803 886
804 879
805 992
806 913
809 879
814 966
817 896
821 994
821 921
824 998
825 826
826 923
827 828
828 913
828 850
829 971
829 912
830 981
830 998
833 843
834 957
837 881
840 899
841 859
843 909
845 892
848 955
848 915
852 918
852 982
856 902
857 902
860 974
868 985
869 921
870 972
870 906
874 986
878 916
880 897
881 965
883 932
887 983
888 934
895 935
899 973
900 961
906 965
906 929
907 925
910 990
914 927
923 957
925 993
927 960
929 956
940 957
940 979
949 989
951 981
959 976
