0 220
0 1977
0 2850
1 1226
1 1238
1 1381
1 1507
1 1709
1 2185
2 624
2 1053
2 1123
2 1418
2 3271
3 1194
3 1960
3 2686
3 2741
3 2771
4 726
4 1781
5 147
6 886
6 1485
6 2194
7 23
7 450
7 778
7 1783
7 2041
7 2551
7 2562
7 2599
7 2767
8 167
8 1189
8 2789
8 2811
8 2899
9 235
9 1470
9 2637
9 3119
10 630
10 2947
10 3436
11 76
11 225
11 462
11 1993
11 2181
11 3003
12 420
12 2477
12 3504
13 618
13 645
13 703
13 1401
13 3106
13 3312
14 62
14 2814
14 2949
15 439
15 1316
15 2043
15 2775
16 576
16 667
16 1028
16 2196
16 2231
17 314
17 1658
17 2751
18 1163
18 1304
18 2107
18 2858
19 1504
20 595
20 733
20 1310
20 2520
20 3450
21 658
21 2024
21 2031
21 3299
22 348
22 1499
22 1692
23 1787
23 2437
24 2444
25 957
25 1306
25 1515
25 2300
25 2957
26 271
26 1044
26 1475
26 2594
26 3222
27 599
27 1659
27 1737
27 2758
27 2805
28 1265
28 1569
28 2266
30 1501
30 1951
30 2034
30 2386
31 802
31 1695
32 130
32 690
32 1009
32 2854
33 156
33 659
33 1264
33 1784
33 2588
33 2800
34 658
34 942
34 2332
34 2783
34 2930
35 2227
35 3225
35 3375
36 1085
36 1643
36 1646
36 1755
36 3199
36 3406
36 3474
37 338
37 939
37 1701
37 2717
38 1892
38 2863
39 720
39 1963
39 2557
40 743
40 1012
40 1812
41 1534
41 2386
42 256
42 1478
42 1853
43 1313
43 2789
44 941
45 2999
46 1216
46 1548
46 1624
46 2865
46 3328
46 3365
47 3462
48 440
48 1286
48 1528
48 1627
48 2058
49 111
49 1662
49 2400
49 2535
49 2780
49 3182
50 358
50 921
50 937
50 3095
51 746
51 1229
52 1744
52 2112
52 2126
53 1148
53 2496
53 3083
54 87
54 266
54 636
54 2716
55 322
55 1198
55 1223
55 1972
55 3185
57 1568
57 2741
57 3328
58 1867
58 2759
58 2986
58 3221
59 3130
60 1118
61 423
61 2440
61 2856
61 3128
62 918
62 2281
62 2593
62 2816
62 2890
62 3237
63 81
63 417
63 1412
63 3218
64 555
64 851
64 1169
64 1175
64 2133
64 3288
65 182
65 2721
66 213
66 2105
66 2428
66 2599
67 1099
67 1969
67 2965
68 1299
68 2202
68 2338
68 2466
68 3269
69 317
69 1895
70 2081
70 2933
70 2999
71 799
71 2353
71 2620
71 3499
72 253
72 3056
73 1885
74 3479
75 1067
75 1488
76 2895
77 619
77 2358
77 2500
77 3294
77 3313
78 235
78 2578
78 2765
78 2816
79 730
79 3031
79 3074
79 3266
80 174
80 1091
80 1385
81 1035
82 196
82 443
82 1709
83 241
83 1807
84 102
84 985
84 1744
84 1841
84 2198
85 1448
85 2663
85 3256
85 3266
86 893
86 1017
86 2167
86 3056
87 1772
87 2164
87 2529
88 1994
89 1880
89 1987
89 2733
89 3144
89 3490
90 1688
90 1762
90 1899
90 2781
91 1499
91 1689
91 2695
91 3105
92 2867
93 111
93 256
93 3008
93 3352
94 1380
94 1692
95 247
95 459
95 773
95 1469
95 1742
96 948
96 1484
96 2017
96 2939
96 2960
97 1202
97 1304
97 1413
97 2901
97 3128
97 3295
98 343
98 504
98 771
98 1434
99 795
99 1048
99 1479
99 1842
100 1216
100 2490
101 388
101 800
101 1278
101 1551
101 2574
101 2887
101 3364
102 2582
103 1316
103 2029
104 232
104 711
105 2280
106 2303
107 1059
107 1744
107 2754
108 424
108 627
108 1812
108 2754
108 3342
109 849
109 977
109 3434
110 2951
110 3179
111 1143
111 2990
112 316
112 1005
112 1030
112 1220
112 2610
112 3412
112 3475
113 557
113 1087
113 1133
113 1437
113 1749
114 2467
115 1764
116 2041
117 456
117 3163
118 1079
118 1557
119 224
119 453
120 189
120 307
120 622
121 359
121 688
121 869
121 1177
121 2624
121 2823
121 2903
121 2993
121 3434
123 1889
123 2171
123 3272
124 1327
124 1406
124 3252
125 239
125 340
125 1538
125 2090
125 2859
126 2498
127 1823
127 2028
127 2718
127 3451
128 741
128 861
128 1346
129 296
129 562
129 1750
129 3468
130 235
130 1230
130 1559
130 1643
130 1838
130 2271
131 409
131 523
131 895
131 1905
131 1906
131 1937
131 2354
132 327
132 570
132 953
132 2774
133 1917
134 490
134 1000
134 3030
134 3352
135 3049
135 3347
136 664
136 2121
136 2493
136 3277
137 1186
137 1195
137 3082
138 749
138 2438
139 1152
139 3450
140 393
140 1410
140 3497
141 2019
141 3049
142 1555
142 2248
142 2525
142 2605
142 2722
142 3290
142 3311
142 3448
143 715
143 904
143 2925
144 2150
144 2735
144 2784
145 684
145 2991
146 1749
146 2386
146 2578
146 3044
147 445
147 592
147 1741
147 2264
147 2309
147 3464
148 857
148 1177
148 2826
148 3095
148 3376
149 179
149 2788
149 3283
150 1305
150 1365
150 1542
150 1866
150 2271
150 2392
150 2788
150 3051
151 578
151 1429
151 1892
152 1056
152 1076
152 1266
152 1897
152 1960
152 2848
153 232
153 305
153 2645
153 2790
154 750
154 2683
155 790
155 1550
155 1780
155 2747
155 3014
155 3331
156 311
157 1012
157 1336
157 2171
157 2394
157 3098
158 792
158 1386
158 1390
158 2126
159 789
159 857
159 2209
160 257
160 1288
160 1409
160 3340
161 2059
162 683
162 1348
162 1703
163 947
163 1145
163 2074
163 2107
164 3212
165 1845
165 2498
165 3197
166 2192
166 3280
167 1009
167 1510
167 2271
167 2844
167 3205
168 171
168 2492
169 1210
170 516
170 1270
170 3485
171 764
171 1370
171 2687
171 2735
172 428
172 947
172 1524
172 1685
172 1722
172 1975
173 1100
173 2263
173 2401
174 626
174 766
174 809
174 1814
174 2505
175 1023
175 1256
175 3011
176 1020
176 1386
176 2829
176 3159
177 281
177 1259
177 1457
178 592
178 1878
178 2748
178 2828
178 2843
179 792
179 874
179 1634
179 2050
180 590
180 1659
180 2512
180 2841
181 453
181 727
181 1993
181 2136
181 2151
181 2774
182 965
182 2819
183 1097
183 1304
183 2885
183 3073
185 1954
186 1110
186 2351
187 1886
188 1822
188 2436
189 2786
190 333
190 629
190 1543
191 1174
191 1289
191 1469
191 2462
192 500
192 616
192 777
192 796
192 3063
193 205
194 511
194 826
195 560
195 669
195 1003
195 1145
195 2634
195 3111
195 3308
196 2554
196 2946
196 3256
197 685
197 1242
197 1294
197 1332
197 2423
198 1329
198 2110
198 2696
199 2585
199 2905
200 1277
200 2748
201 292
201 3137
202 400
202 798
202 929
202 1017
202 2856
202 3458
203 932
203 1152
203 1175
203 1733
203 2180
203 2964
203 3194
204 1858
204 1883
205 1162
205 1996
205 2411
206 996
206 1375
206 1831
207 369
207 534
207 551
207 699
208 856
208 1397
208 1458
208 2474
208 2702
208 3206
209 640
209 878
209 1406
209 1986
209 3225
210 387
210 1068
211 296
211 725
211 1220
211 1828
211 2032
211 2510
211 2877
211 2937
211 3212
212 466
212 1918
212 2689
212 3140
213 1042
213 1932
213 3235
213 3292
214 372
214 2506
215 1188
215 1827
215 2568
215 3025
216 1061
216 1351
216 3478
217 1155
217 2255
217 2571
218 1224
218 1977
218 2554
220 1200
220 2595
220 2949
220 3476
221 846
221 2054
221 3393
222 2835
222 3059
223 644
223 1196
223 2818
224 368
224 1615
224 2292
224 2609
224 2667
225 1851
225 2241
226 341
226 968
226 1157
226 2129
226 3431
227 955
227 1476
227 2329
228 947
228 1029
228 1673
228 1675
228 2101
228 2823
229 1063
230 411
230 1438
231 1519
231 1537
231 1664
231 2208
231 3104
232 327
232 891
232 992
232 1260
232 2713
232 3240
233 840
233 1027
233 1587
233 2726
233 2859
234 2062
234 3116
235 1070
235 1549
235 1916
235 3054
236 314
236 736
236 1016
236 1491
236 3210
237 769
237 2087
237 2106
237 2626
238 429
238 860
238 2023
238 3180
238 3378
239 1586
239 1843
239 1904
239 1938
239 3061
239 3227
240 3006
240 3245
241 384
241 2255
241 2984
241 3330
242 2739
243 1067
243 1349
243 2522
243 2548
243 2664
243 2804
243 3013
244 252
244 420
244 574
244 845
244 1605
244 2034
244 2165
245 1445
245 1607
245 3169
246 2048
246 3290
247 458
247 1316
248 1293
249 1877
249 2730
249 2931
249 3495
250 3231
251 922
251 1560
251 1987
251 2498
252 1228
252 1449
252 1628
252 1793
253 692
253 1952
253 2574
254 898
254 1351
255 973
255 1321
255 1676
255 1983
255 2372
255 3402
255 3466
256 782
257 2719
257 3053
258 1277
258 1688
258 2224
258 2234
258 3418
259 1310
259 3383
260 633
260 636
261 275
261 1066
261 1243
261 3496
262 1962
263 1289
263 2423
264 1066
264 1163
264 1280
264 1291
264 1813
264 3384
265 302
265 324
265 590
265 1972
265 2499
266 475
266 915
266 1446
267 1240
267 1287
267 2109
267 2672
267 3141
268 1524
268 1737
268 2801
269 1202
269 1319
269 1489
270 669
270 1748
270 1986
270 2941
270 2965
270 3291
271 1468
271 2406
272 369
272 1513
272 1942
273 2411
273 2826
273 2929
274 1009
274 1766
274 2099
274 2895
274 2967
274 3335
275 537
275 1325
275 1720
275 2827
276 1000
276 1386
276 1929
276 2286
276 2502
276 2840
276 3164
277 675
277 1037
277 2385
278 440
278 1936
278 2462
279 696
279 1217
279 2757
280 293
280 534
280 1436
280 3003
280 3066
280 3164
281 480
281 3007
281 3105
282 786
282 3131
283 990
283 2418
283 2765
284 588
284 815
284 1415
284 1961
284 1970
284 3022
285 1666
285 1812
285 2148
286 1007
286 1008
286 1034
286 1506
286 1655
286 1714
286 2502
286 2841
287 1653
287 2036
287 3435
288 2204
288 2827
288 2876
289 1356
289 3131
290 318
290 1919
291 668
291 746
292 1501
292 2125
292 2466
293 445
293 739
293 1941
293 2719
293 3194
294 569
294 1273
294 1362
294 3038
294 3349
295 321
295 1668
296 1552
296 1565
296 2662
296 2984
297 2279
297 2749
297 3399
298 2286
299 894
299 953
299 1500
300 2074
301 1015
301 1812
301 2547
301 2964
302 952
303 434
303 1566
304 694
304 729
304 1058
304 1273
304 2893
305 3295
306 3132
307 1123
307 1481
308 967
308 2260
308 2716
309 1069
309 1722
309 2664
310 601
310 2317
310 2925
311 2087
312 1489
312 1593
312 1960
313 474
313 829
313 3414
314 506
314 1177
314 3238
314 3292
315 1368
316 1662
316 2862
316 2951
316 2987
317 1516
317 2571
317 3476
318 789
318 1768
318 2686
318 2768
319 3262
320 1799
320 1899
320 2293
320 2835
321 1026
321 2267
321 2400
321 2671
321 3360
322 366
322 1366
322 2206
322 2284
323 759
323 1781
323 1909
323 1998
323 2224
324 1695
324 1702
325 1212
325 1376
325 1632
325 1903
326 1168
326 3444
327 1340
327 1793
327 2344
328 762
328 841
328 1495
328 1827
328 2803
329 1391
329 2402
330 1910
330 2069
330 2953
330 3202
331 947
331 1719
332 869
332 1375
332 2428
332 3298
333 1668
333 2484
333 2692
333 2695
333 2918
333 3355
333 3392
334 641
334 836
335 336
335 1351
335 2176
335 3075
336 373
336 808
336 1616
336 3211
337 747
337 1816
337 1883
337 2150
337 2456
337 3177
338 471
338 1696
338 3402
339 1513
339 1630
339 1643
339 2090
339 3152
340 560
340 2026
340 3041
340 3133
341 965
342 1779
342 1932
343 2116
343 2598
343 2616
343 3323
343 3408
344 484
345 821
345 1371
345 2071
345 2675
345 2738
346 955
346 1507
346 2301
346 2893
347 2032
347 3148
348 474
348 680
348 727
348 1044
348 1230
348 2201
348 2950
349 1755
349 1913
349 2246
349 2253
349 2761
349 2875
350 2248
350 2820
350 3061
351 934
351 3196
352 785
352 1863
352 1954
352 3300
353 1016
353 2073
353 2766
354 500
354 1077
354 1974
354 2836
354 3455
355 359
355 2258
356 1416
356 1736
356 2486
357 1601
357 1661
358 633
358 772
358 1715
359 473
359 2974
360 1916
360 2517
361 484
361 1850
361 2580
362 1683
362 1956
362 2756
362 3267
363 2168
364 1045
364 2085
364 2131
365 1694
366 379
366 467
366 965
366 2239
366 3439
367 548
367 958
367 1427
367 2015
367 2300
367 2693
367 3056
368 845
368 2188
368 3379
369 1041
369 1612
369 2649
369 3061
370 907
370 1665
370 2443
370 2540
371 2467
372 897
372 917
372 1038
372 1813
372 1909
373 1541
373 2041
373 2226
374 615
374 683
374 702
374 1342
374 1581
374 2515
375 1464
375 1542
375 1702
375 2345
375 3494
376 403
376 917
376 2288
376 2484
376 3179
376 3398
377 1227
377 1749
377 2384
377 3045
377 3373
378 934
378 1162
378 1340
378 1499
378 1909
378 3098
379 511
379 1255
379 1519
379 2351
379 2484
379 2913
380 1953
380 2032
381 1806
381 3421
382 907
382 1205
382 2637
382 3241
382 3307
383 1649
383 2387
384 1314
384 3481
385 1554
385 3268
386 498
386 1625
386 3079
387 930
387 1008
387 3234
388 2882
388 3064
389 638
389 790
389 2924
390 468
390 1379
390 2934
390 3396
391 805
391 1011
392 880
392 2036
392 2177
392 2477
392 3379
392 3448
393 1312
393 1840
394 805
395 447
395 1213
395 1248
395 2483
396 2427
396 3453
397 431
397 892
397 2145
398 2450
399 2807
400 1314
400 1410
400 2270
401 467
401 1076
401 1089
401 1419
401 1638
401 3426
402 1131
402 1713
402 2114
402 2401
402 2979
403 468
403 1514
403 2199
404 615
404 1558
404 1667
404 1752
404 1916
404 2070
404 2550
404 3301
404 3403
405 2001
405 2813
405 2899
405 3081
405 3453
406 862
406 1604
406 3142
407 657
407 815
407 889
407 1448
407 3098
408 1224
408 1489
409 1109
409 1656
409 1764
409 2036
409 3269
409 3492
410 562
410 2479
410 2896
411 2204
411 3291
412 2231
412 3296
413 1563
413 1998
413 2497
414 462
415 1752
416 787
416 1341
416 1523
416 2980
417 657
418 466
418 591
418 1390
418 1862
418 2747
419 739
419 1080
419 1246
419 2145
420 1161
420 1995
420 2092
421 2674
422 678
422 905
422 2759
423 930
423 1549
423 1595
423 3470
424 527
425 3153
426 1599
427 1305
427 2303
427 2469
427 3214
428 644
429 963
429 1694
429 1730
429 2380
429 2751
429 2898
430 966
430 2755
431 907
431 1588
431 2210
431 2792
432 514
432 685
432 2678
433 1944
433 2733
433 3168
434 2198
434 2936
435 1480
435 1701
435 2590
435 3082
436 1333
436 1535
436 1693
436 2629
437 1643
437 2657
437 3189
438 670
438 920
438 1121
438 2193
438 2561
438 3414
439 3081
440 2173
441 791
441 1964
441 2412
441 2648
441 3147
442 963
442 1202
442 2908
443 767
443 837
443 1275
443 3080
443 3346
444 1194
445 2199
445 2665
446 946
446 3035
447 590
447 773
447 948
447 1010
447 1168
447 2100
448 755
448 1626
448 1664
448 1942
448 2093
448 2241
448 3303
448 3364
448 3478
449 1166
449 2421
450 3339
452 950
452 1316
452 1533
452 2207
452 2374
452 2481
453 1715
453 1798
453 2425
454 1831
455 877
455 941
455 1468
455 1539
455 2089
455 2704
456 2861
457 1697
457 1745
457 1788
457 2151
457 2278
457 3447
458 1982
459 1047
459 1665
459 3337
460 1651
460 2779
460 2799
460 3401
461 1557
461 2360
461 3075
461 3226
462 854
462 1000
462 1550
462 1707
462 2517
463 935
463 2359
464 678
464 809
464 2054
465 2477
466 2015
466 2281
466 2904
467 470
467 863
467 1473
467 1660
467 2380
467 3385
468 2006
469 1239
469 1366
469 2786
469 3279
470 976
471 870
471 904
471 1771
471 2947
471 2974
472 1512
472 1988
472 2675
472 2747
473 634
473 1318
473 2408
473 3298
474 1535
474 2017
475 639
475 1122
475 2045
475 2985
476 1006
476 2693
477 1407
477 2298
477 2726
477 3266
477 3384
478 663
478 1834
479 3488
480 769
480 1196
481 1072
481 2896
481 3195
482 2721
483 894
483 1469
483 3011
483 3221
484 1314
484 1675
484 2285
484 2349
486 2164
487 2446
487 2760
488 1820
488 2063
488 2632
488 3008
489 549
490 2299
490 2779
490 3007
490 3490
491 1399
491 1443
491 1597
492 2234
492 3308
493 1526
493 2321
493 2624
493 2863
493 3427
494 789
494 2606
496 2991
496 3423
497 530
497 1417
497 1551
497 3015
497 3130
498 1040
498 2709
499 1334
499 2743
499 2747
500 2862
501 1455
501 2233
502 686
502 957
502 997
502 1073
502 2582
502 2876
502 3282
503 1105
503 2376
504 762
504 1488
504 2220
504 2290
504 2511
504 2649
505 2261
505 2546
506 551
506 572
506 2373
506 2644
507 627
507 2311
507 2863
507 3412
508 530
509 517
509 846
509 891
509 1525
509 1905
509 2647
510 943
510 995
510 2374
510 2392
511 633
511 2452
511 3074
511 3109
512 2321
513 1809
513 2028
513 2519
513 3293
514 3104
514 3238
515 2456
515 3359
515 3488
516 727
516 1150
517 890
517 1091
517 1321
517 1837
517 1913
517 2388
517 2867
518 1176
518 2765
519 1092
519 1110
519 1674
519 2056
519 2851
519 3430
520 815
520 1142
520 1377
520 1856
520 2272
521 1450
521 2051
521 2095
522 1893
522 2927
523 1174
523 2190
523 2783
523 2963
523 3455
524 1591
524 2224
524 2367
524 2513
524 2524
525 2118
525 2151
525 2481
525 2906
525 3037
526 1069
526 1201
526 1533
526 1664
526 2839
526 3075
526 3450
527 627
527 723
528 2553
530 1835
530 2958
530 3125
531 859
531 1325
531 2301
531 2954
532 1409
532 1426
532 1605
532 1642
532 2135
532 2239
532 2632
532 2766
532 3387
532 3414
533 1523
533 1557
533 1808
533 2853
534 1494
534 1519
534 1689
534 2852
535 928
535 2608
536 681
536 800
536 863
536 3409
537 643
537 1081
537 1398
537 1549
537 2762
537 2793
538 545
538 2119
539 663
540 1305
540 1849
540 2225
540 3030
541 1391
541 3173
541 3277
541 3421
542 2227
542 2234
542 2998
542 3218
543 1310
543 1321
543 2327
543 3095
543 3195
543 3346
544 1244
544 1691
544 1899
544 2427
545 1761
545 1990
545 2567
545 2708
546 1294
546 1729
546 2372
546 2377
546 2661
546 2992
547 2794
547 3136
548 995
548 1716
548 3340
548 3432
549 1330
549 1373
549 3377
550 1199
550 2205
550 2907
550 3049
550 3426
551 1156
551 3109
552 929
552 1363
552 1875
552 3362
552 3425
553 1441
554 1003
555 2781
556 720
556 1249
556 2600
556 3138
556 3190
556 3261
557 627
558 660
558 1452
558 1781
558 2047
558 2220
558 2546
558 3249
559 1926
559 3381
560 1125
560 1267
560 1519
560 1533
560 2285
560 3101
561 1261
561 1752
561 2100
561 2889
561 2944
562 603
562 1537
563 2445
563 3411
564 1696
564 2684
564 2958
565 1424
566 1036
566 1665
566 1931
566 2500
567 1108
567 2210
568 1285
568 1555
568 1900
569 782
569 2534
569 2941
569 3126
571 1430
571 1581
571 2315
571 2902
572 626
572 1239
572 1474
572 2206
572 2634
573 1177
573 1309
573 2588
574 1928
574 3330
575 842
575 952
575 1490
575 1552
575 1627
576 1077
576 1284
576 1736
577 843
577 1299
577 2667
577 3203
578 1282
578 3146
579 3261
580 1803
580 2143
581 1815
581 1923
582 2310
582 3126
583 2693
584 2412
584 2463
585 758
585 1426
585 1655
585 1872
586 601
586 962
586 1128
587 746
587 2786
587 2955
587 3364
588 1233
588 1549
588 2563
589 2195
590 1496
590 2658
590 3280
591 1412
591 2653
591 2713
592 1076
592 2247
592 2514
592 3038
593 2088
593 3091
593 3103
593 3227
594 896
594 2168
594 2631
594 2650
594 3033
595 2235
595 2500
596 1543
596 2152
596 2471
596 2603
596 2693
596 2991
596 3184
597 1344
597 2706
598 1558
598 1593
598 1677
598 1828
598 2274
599 665
599 843
599 2471
599 2724
600 1802
600 2108
600 3099
600 3160
600 3266
600 3445
602 620
602 636
602 1066
602 1589
602 1888
602 1978
602 2018
602 2542
602 2846
603 1745
604 776
605 678
605 1899
605 1909
605 2343
605 2467
605 2776
605 2934
605 3252
606 2536
606 3079
607 1136
607 1474
607 1827
607 1909
607 2181
607 2207
607 3069
608 1632
608 2450
609 3355
610 1236
610 1803
610 1997
610 2639
610 2732
611 863
611 1256
611 1582
611 3288
612 1340
612 1402
612 2663
612 3010
613 718
613 1958
613 2594
613 2906
613 3348
614 1126
614 2937
615 1076
615 1212
615 1607
615 2407
616 1771
616 2380
617 3388
618 1290
618 1728
618 2432
618 2981
618 3086
619 3001
619 3014
620 1381
620 1802
620 1885
621 910
621 1669
622 1030
622 1250
622 2584
622 3008
623 1609
623 2771
624 1014
624 1196
624 1935
624 2736
624 2886
624 3270
625 709
625 3260
626 2352
626 2585
627 1041
627 1862
627 3029
627 3039
628 630
628 1769
628 2162
628 2267
628 2562
628 2575
628 2943
628 2950
628 3266
629 1582
629 3446
630 1766
630 3156
631 1043
631 1401
631 1743
631 2118
632 1115
632 1220
632 1795
632 3386
633 1692
633 2232
634 776
634 1262
635 728
635 851
635 2291
635 2506
635 2900
636 2361
637 1178
637 3187
638 1286
638 2256
639 1545
639 2076
639 2093
639 3228
639 3393
640 1491
640 2114
640 2311
640 2804
641 972
641 1057
641 2652
642 680
642 2539
642 2790
642 2903
642 3205
642 3260
643 983
643 2586
643 2591
643 2615
643 3374
644 854
645 713
645 1170
645 1547
646 2386
646 2987
646 3445
647 1783
647 2044
647 2295
648 1287
648 2551
648 2991
649 1421
649 1628
649 3013
650 2195
650 2437
650 3256
651 2641
651 3034
652 666
652 1722
652 3207
653 2134
653 2342
653 2379
655 2366
656 2083
656 2714
657 700
657 1054
657 1200
657 1369
657 2948
658 891
658 2483
659 2564
659 2663
659 3417
660 879
660 1287
660 1486
660 1499
660 1668
660 1898
660 3104
660 3253
661 1971
661 2260
661 3252
662 1658
663 1040
663 1673
663 1692
665 862
665 1106
665 1919
665 2483
665 3149
665 3405
666 979
666 3159
667 873
667 1114
667 3165
668 1870
668 2931
668 3244
669 1183
669 1319
669 3165
670 2599
670 3304
671 2556
672 702
672 706
672 2239
672 3164
673 2796
673 2825
674 1362
674 1712
674 1898
674 2056
674 2271
674 2617
675 816
675 1373
675 1381
675 1810
675 3036
675 3182
676 998
676 1172
676 2308
676 3322
677 1630
677 3393
678 945
678 1622
678 1844
679 2514
680 1028
680 1830
680 3380
680 3386
681 2521
681 3357
682 693
682 1299
682 2204
682 2974
682 3019
683 1702
683 1708
683 2249
683 2433
683 2651
683 2684
683 2826
684 1827
684 2021
685 1263
686 971
686 2185
686 2559
686 2908
686 2925
687 1240
687 1695
687 2066
687 3260
688 924
689 703
689 1402
689 1471
689 1850
689 2900
690 2720
691 2091
691 2154
691 2186
691 2402
691 2475
692 1190
692 2121
692 2651
692 2878
693 901
693 1277
693 3224
694 2023
694 2371
694 3019
695 2871
696 2956
696 3335
697 1365
697 2397
697 2703
697 3057
698 1322
698 2593
699 1955
699 2329
700 2433
700 3022
701 1538
701 2078
701 2235
701 2630
701 3052
702 744
702 964
702 1549
702 2281
702 2865
703 726
703 1375
704 2070
704 2727
704 2836
705 1261
705 3303
706 2590
706 3446
707 3340
708 861
708 2010
708 3109
709 1875
709 2888
710 1706
710 1828
710 2438
710 2516
710 3144
711 786
711 1390
711 2193
711 2698
711 2905
711 3203
712 2720
713 3147
714 810
714 1196
715 795
715 2059
715 2935
716 1115
716 1598
716 1919
717 2725
717 3339
718 1567
718 3468
719 1419
719 1539
719 2552
719 3176
720 1327
720 3353
721 1312
721 1979
721 2288
721 3472
722 1638
722 1741
723 2197
724 3258
725 1855
725 2462
725 2989
725 3504
726 2049
726 2131
727 1901
727 2650
727 2735
728 1025
728 1624
728 1974
728 2179
730 1150
730 2233
730 2287
730 3500
731 3120
732 857
732 2482
732 3494
733 1047
733 1693
733 3200
734 1657
734 2952
735 749
735 1042
735 1975
735 2961
736 934
736 1373
737 2252
738 1826
738 2821
739 817
739 3440
740 1147
740 1749
741 764
741 1042
741 1361
741 2130
742 902
742 1014
743 2076
743 2129
743 3100
743 3314
743 3382
744 983
744 2257
744 2869
745 2126
745 2660
746 875
746 1489
746 1770
747 2062
747 2220
747 2776
748 1247
749 1835
750 2061
751 776
751 936
751 1170
751 2326
751 2775
751 3136
752 1536
752 2204
752 2879
753 2296
753 3399
754 1184
754 1209
754 1544
754 3221
755 2605
755 3006
756 2591
757 994
757 1531
757 1996
757 2932
757 3482
758 1419
759 774
759 2762
760 1259
760 1513
760 1541
760 1685
760 3444
761 772
761 1473
761 2533
761 3309
762 3333
763 1611
763 2128
763 2274
764 1237
764 1988
764 1999
765 1168
765 1283
766 1274
766 1756
766 3386
767 1713
767 1913
767 2264
767 3014
768 1494
769 1332
769 1693
769 2003
769 3266
771 1675
772 985
772 1484
772 1502
772 2077
772 3205
773 880
773 1723
773 1795
773 1966
773 2092
773 2430
773 2517
773 2556
773 2932
774 2366
774 2546
774 2781
775 1203
775 3146
776 2266
776 2581
777 1976
777 2346
777 2857
777 2929
778 2286
779 3257
780 1830
780 2945
780 2960
780 3138
781 1195
781 1559
781 1970
781 2563
782 3055
783 1420
783 1598
783 1641
783 2172
783 2192
783 2541
783 3038
784 808
784 2698
784 3176
784 3369
785 1110
785 1957
785 1975
785 2105
785 2210
786 1377
786 1739
786 3054
787 808
788 1497
789 2404
790 1326
790 1891
790 2659
790 2711
791 1465
791 1736
791 2077
792 1309
792 1371
792 2217
792 2697
793 2068
793 2240
794 2947
795 1097
795 1874
796 1638
796 2022
796 2351
796 3030
796 3101
796 3431
797 1019
797 1203
797 2575
797 2899
797 3188
798 2757
798 2847
798 3239
799 2342
799 2924
800 1749
800 2473
800 3418
801 1985
801 2332
801 2453
803 2683
803 3403
804 874
804 1547
805 1032
806 887
806 3373
807 1877
807 1979
807 2734
808 2422
809 1066
809 2036
809 2704
811 2821
811 2917
812 1680
812 1942
812 2106
812 3032
813 928
813 2200
814 1325
814 1866
814 2658
814 2962
815 1791
815 1940
815 2919
816 2725
816 2818
816 3408
817 1787
817 2043
817 3020
818 930
818 2222
818 3345
819 1708
819 2132
819 2468
820 910
820 1518
820 1922
821 1293
821 1609
821 1673
822 1856
822 2385
822 3195
822 3221
823 1789
823 2260
823 2860
823 3218
824 1051
824 1805
824 2015
824 2959
824 3427
824 3501
825 1231
825 2015
825 2639
825 2842
825 3206
825 3387
826 2097
826 2614
827 876
827 3374
828 1546
829 1265
829 2250
829 2279
830 1195
830 1852
830 2243
830 2500
830 2513
831 2409
831 3033
831 3131
832 3196
832 3389
833 2705
834 1249
835 3281
836 1114
836 2354
836 3319
837 2214
838 839
838 1623
838 2829
838 2940
839 1176
839 1810
839 1972
839 2508
839 2521
840 923
840 983
840 1222
840 1641
840 2818
840 3009
841 1073
841 1242
841 2138
841 2243
841 2460
841 3112
842 2460
842 2639
842 3044
842 3358
843 1521
843 2870
844 1046
844 1434
844 2324
844 2398
844 3220
845 1337
845 2873
846 911
848 1270
848 2831
849 1723
849 2431
849 3448
850 1512
850 2433
850 2875
850 3069
850 3305
850 3350
851 1027
851 2448
852 856
852 1265
852 3097
853 1650
853 1901
853 2831
853 3044
853 3191
854 1493
854 1673
854 1951
854 3208
855 1070
855 1494
855 1534
855 1733
855 1834
855 2253
855 2619
855 3163
856 1454
856 2476
857 883
857 1305
857 2666
858 941
858 1691
858 2398
858 2500
858 3134
858 3351
859 2232
859 2452
860 1595
861 1467
861 2360
861 3381
862 1355
862 2196
862 2573
863 1004
863 1416
863 1429
863 1463
864 1386
864 1666
864 2598
865 1669
865 1720
865 1972
866 1888
866 3354
867 1794
867 2696
868 3066
868 3073
868 3115
869 1407
869 2387
870 1976
870 2553
870 2718
871 1791
873 1743
873 3215
874 1776
875 1636
875 2540
875 2880
876 1389
876 1551
876 2032
876 2542
877 1204
877 2447
877 2497
878 1659
878 2373
878 2808
879 2068
879 3331
880 3184
881 926
881 1634
881 1986
881 2494
882 1872
882 2633
883 946
883 1431
883 1764
883 2617
883 2944
883 3398
884 2931
885 1557
885 1827
885 2961
886 3228
886 3396
887 1026
887 1396
887 2167
888 1478
888 2470
888 2954
889 966
889 1381
889 1611
889 2158
889 2654
889 3304
890 966
890 1166
890 2873
891 895
891 1818
891 2061
892 2179
892 2385
893 2221
893 3437
894 975
894 2408
894 2758
894 2794
894 3030
894 3325
895 1543
896 2659
896 2985
897 2009
897 3197
898 1644
898 1929
898 1952
898 2373
898 3007
898 3343
899 1332
900 1126
900 1310
900 2158
901 1864
901 2199
902 987
903 3088
904 2069
905 914
905 1372
906 1264
906 2230
907 2217
907 2354
907 3093
908 1428
909 2629
909 2805
909 3188
909 3344
910 1433
910 2021
910 2521
910 2807
910 3029
911 1193
911 2338
912 2406
912 2927
912 3277
912 3395
913 1483
913 1489
913 2292
913 3250
914 1102
914 1335
914 1627
914 2289
914 3096
914 3121
914 3474
915 2310
915 3451
916 2458
916 2681
917 1136
917 1758
917 2059
918 1950
919 1848
920 1690
920 2861
920 2875
923 1982
923 2888
923 3061
925 2310
925 2505
925 3029
926 1735
926 3134
927 3435
929 1573
929 2585
929 2658
929 2746
929 2752
930 1658
930 1849
930 1976
930 3128
930 3290
931 1877
931 2056
932 3314
933 1384
933 1563
933 1684
934 2143
934 2741
934 3482
936 3047
937 1463
937 1950
937 2215
937 2407
938 1305
938 2353
938 2974
939 1088
939 1793
939 2216
940 1074
940 2573
940 2617
940 3319
942 1790
942 3358
943 1772
943 2194
944 1101
944 1769
944 2999
945 1603
945 3305
946 1320
946 2171
946 2781
947 1256
947 1534
947 1600
947 2987
948 1394
948 2405
948 3410
949 1258
950 2561
951 2123
952 2174
952 3024
953 1388
953 1480
953 3272
954 1188
954 2839
954 2843
954 3378
955 1144
955 3313
956 2871
956 3062
957 1183
957 1244
958 1251
958 1299
958 2222
959 1678
959 3205
959 3460
960 1103
960 1923
961 1632
961 2529
961 3287
962 2996
962 3308
963 2000
963 2875
964 1419
964 1760
965 2939
965 3247
966 994
966 1813
966 3240
967 1681
967 2547
968 1732
969 1613
969 2096
970 1226
970 1817
970 2089
971 1349
971 1462
971 1740
971 2291
971 2507
971 3117
971 3216
973 2030
973 2228
973 2442
974 1637
974 1647
974 1843
975 1618
975 1855
976 2399
977 993
977 3065
978 1022
978 1356
979 2528
979 3190
979 3280
980 1147
980 2035
981 1557
981 1570
981 2652
981 2717
981 3069
981 3081
982 1924
983 3345
984 2799
985 1615
985 2949
986 1659
987 2224
987 3071
988 2620
988 3363
989 1102
989 1248
989 1305
989 1503
989 2318
989 3438
990 2660
990 3497
991 1019
991 1592
991 1651
991 1781
992 2752
992 2885
993 3041
994 1008
994 2329
995 1766
995 2146
995 2175
996 1868
996 2084
996 2905
997 1184
997 2707
997 3214
998 1622
998 2152
999 1793
999 2018
999 2236
999 2826
1000 1504
1000 1587
1000 2814
1001 1114
1001 3113
1002 1199
1002 3025
1002 3413
1003 1085
1003 1430
1003 1521
1003 1639
1003 2691
1004 2214
1004 2322
1005 2260
1005 2571
1006 3013
1008 1142
1008 2040
1009 1682
1009 2485
1009 2948
1009 3186
1010 2344
1010 3394
1011 2361
1011 3322
1012 1119
1012 1995
1012 2497
1012 3266
1013 1392
1013 1790
1015 1663
1015 1785
1015 2445
1016 1633
1016 1913
1016 2494
1016 2673
1017 1596
1017 2998
1017 3141
1017 3430
1018 1217
1018 2077
1018 2150
1018 3464
1019 1528
1019 2916
1020 2019
1020 3054
1020 3484
1021 1506
1021 3506
1022 2417
1023 1839
1023 1947
1024 2513
1024 2891
1025 1165
1025 1661
1026 1122
1026 2286
1026 2941
1026 3154
1027 1269
1027 2074
1027 2652
1027 2737
1028 2606
1029 1583
1029 2297
1029 2705
1029 3260
1030 1262
1030 2511
1030 3456
1031 1512
1031 2691
1032 1247
1033 1260
1033 2374
1035 1327
1035 3043
1035 3379
1036 1939
1036 2470
1037 1222
1038 1511
1038 1604
1039 1454
1039 2175
1040 2628
1041 1664
1041 2215
1041 3432
1042 1141
1042 1913
1042 2185
1042 2245
1042 3259
1043 2783
1043 2967
1044 1571
1044 1859
1044 1982
1044 2345
1044 2484
1045 1194
1045 1924
1046 1911
1049 1059
1049 1969
1049 3101
1050 1561
1050 3504
1051 1219
1051 1242
1051 1994
1052 2337
1052 2883
1054 1646
1054 1871
1054 2445
1054 2518
1055 1283
1056 1734
1056 2068
1057 2097
1057 2628
1057 2642
1057 3475
1058 1386
1060 1387
1060 2136
1060 2639
1060 2828
1060 3009
1061 1116
1061 1507
1061 1935
1061 3383
1062 1215
1062 2215
1063 2649
1063 3218
1064 1083
1064 1282
1064 2318
1064 2473
1064 2551
1064 3178
1065 1398
1065 1766
1065 1830
1065 1982
1065 2473
1065 3308
1066 1400
1066 2701
1066 2801
1067 1090
1067 1445
1067 1941
1067 2038
1068 1315
1068 2894
1069 3108
1070 1819
1071 1344
1071 2169
1071 2329
1071 2399
1071 2911
1071 3166
1072 1912
1072 2198
1072 3275
1073 1517
1074 3289
1075 1458
1075 1825
1075 2782
1076 2172
1076 3060
1076 3353
1077 2969
1077 3072
1077 3497
1078 1124
1078 2026
1078 3456
1079 1370
1079 1679
1079 1928
1079 2348
1079 2672
1079 3074
1080 1645
1080 1983
1080 2023
1080 3113
1080 3148
1080 3215
1082 1210
1082 1237
1082 1247
1082 1392
1082 2145
1082 2423
1083 1629
1083 1656
1084 1298
1084 2198
1084 2411
1086 1641
1086 1668
1087 1947
1087 2106
1087 2585
1087 2650
1088 3071
1089 2898
1091 2145
1091 2367
1091 2431
1092 1236
1093 1854
1093 2357
1093 3348
1094 1968
1095 2673
1095 2684
1095 3053
1096 1397
1096 3320
1097 2324
1098 3063
1098 3333
1099 1740
1099 2021
1100 1282
1100 3263
1101 1449
1101 2208
1101 2919
1101 2995
1101 3074
1102 2724
1102 2842
1103 2134
1103 2540
1103 3188
1104 1446
1105 3039
1106 1270
1106 1420
1106 2611
1107 2890
1108 2395
1109 1269
1110 1172
1110 1392
1111 2579
1112 1186
1112 2222
1113 2031
1113 2319
1113 2616
1113 3424
1114 2100
1115 1924
1115 1931
1115 2260
1115 2452
1115 2551
1115 3111
1117 2336
1118 2048
1119 1331
1119 2807
1120 1406
1120 1647
1120 2103
1120 2129
1120 2151
1121 3186
1122 1277
1122 3207
1122 3412
1123 1709
1123 2866
1124 2085
1124 2300
1124 2669
1125 1912
1125 2209
1125 2335
1126 1726
1126 2173
1126 2917
1126 3478
1127 1341
1127 1847
1127 2662
1127 3154
1128 1690
1128 1919
1128 2647
1128 2839
1129 3360
1130 1729
1131 1485
1131 3194
1131 3468
1132 2889
1133 2599
1134 1299
1134 1561
1134 1778
1134 2562
1135 1680
1135 3056
1136 2032
1136 2794
1137 1189
1137 1922
1137 2503
1137 3001
1137 3148
1138 1754
1138 1762
1138 2554
1138 2802
1139 2156
1139 2717
1139 3236
1140 2067
1141 2190
1141 2620
1142 2767
1143 2967
1143 3404
1144 1167
1144 2840
1144 3046
1145 1172
1145 1482
1145 3026
1145 3187
1146 2225
1146 2479
1146 2971
1146 3491
1147 3279
1148 1602
1148 2038
1148 2876
1148 3088
1149 2002
1149 3317
1149 3423
1150 2948
1151 1437
1152 2324
1152 2356
1152 2428
1152 2754
1152 3199
1152 3474
1153 2995
1154 2507
1154 3096
1155 2572
1155 3428
1155 3465
1157 2920
1157 3178
1158 1642
1158 1824
1159 1661
1159 1920
1159 2809
1159 2854
1159 2868
1160 1975
1160 2738
1160 2912
1161 1998
1161 2130
1161 2321
1162 2361
1162 2467
1163 1466
1163 1864
1163 2951
1163 3308
1164 1528
1164 1670
1164 2534
1165 2099
1165 2961
1166 1658
1166 1905
1166 2576
1167 1245
1167 1731
1167 2159
1167 2421
1168 1958
1168 2890
1169 1409
1169 2841
1170 3205
1171 1638
1172 1301
1172 1577
1173 1467
1173 1515
1173 2942
1174 1558
1174 1722
1174 2013
1176 1802
1176 2355
1177 1301
1177 2683
1177 2767
1177 2840
1178 1568
1178 2237
1178 3021
1179 2441
1180 1660
1180 1810
1180 1847
1180 3452
1181 2352
1181 2500
1181 2733
1181 3043
1182 2184
1182 3044
1183 1715
1183 2377
1183 2677
1184 1644
1184 1761
1184 2226
1185 1383
1185 1670
1185 2551
1185 2996
1186 1896
1186 2702
1186 3371
1187 1740
1187 3488
1188 2103
1188 2224
1188 2507
1189 2427
1190 1414
1190 2070
1190 2470
1190 2970
1190 3101
1191 1814
1192 1434
1192 3164
1192 3185
1193 1505
1193 1760
1194 2337
1194 2368
1195 1338
1195 2489
1195 3451
1197 2349
1197 3041
1198 2312
1198 2677
1199 2049
1199 2744
1200 2371
1201 1947
1201 2220
1202 2001
1202 3242
1204 3314
1204 3322
1205 2179
1205 2324
1205 2929
1206 1218
1207 1557
1207 1911
1207 2970
1207 3058
1207 3170
1208 1906
1208 3206
1208 3456
1209 3350
1210 1230
1210 1993
1211 1288
1211 1752
1211 2488
1211 2963
1212 2599
1212 3059
1212 3333
1213 1574
1213 1731
1213 3167
1213 3214
1215 1850
1215 2169
1215 2919
1216 2512
1217 2039
1218 2331
1219 2075
1219 2895
1219 3112
1219 3277
1220 1650
1220 2132
1222 1827
1222 2498
1223 1860
1223 2640
1223 3052
1223 3282
1224 2005
1224 3087
1225 1231
1225 2805
1226 1392
1226 1985
1226 2884
1227 2571
1227 2627
1227 2692
1227 2888
1228 1237
1228 1383
1228 2064
1228 2544
1228 2939
1229 2938
1230 1613
1230 1806
1232 2274
1232 3090
1232 3107
1232 3497
1233 1444
1234 1569
1234 2134
1235 1346
1235 2690
1236 3143
1237 2729
1237 2800
1239 1886
1240 1333
1240 2082
1240 3407
1240 3408
1241 1479
1241 1566
1241 1785
1241 2538
1241 2836
1241 3041
1241 3329
1242 1402
1242 2538
1243 2148
1245 1560
1245 2305
1245 2408
1245 2649
1245 3348
1246 1264
1246 1340
1246 2442
1247 1725
1247 1970
1248 3268
1249 1892
1249 2059
1249 2134
1249 2916
1250 1694
1251 1400
1251 1636
1251 1782
1251 2474
1251 3294
1252 1340
1252 2570
1252 2658
1253 1383
1253 1384
1253 1858
1254 1441
1254 2899
1254 3454
1255 1980
1255 2208
1255 2225
1255 2826
1256 1375
1256 2958
1257 3199
1259 2768
1259 3392
1260 2053
1260 3077
1261 2437
1261 3267
1262 2425
1263 2964
1263 2982
1263 3095
1264 1930
1266 1873
1266 2239
1267 1498
1267 2371
1267 2716
1268 1632
1269 1533
1269 2096
1269 3169
1270 3205
1271 1488
1271 2490
1271 2712
1271 2929
1272 1586
1272 1767
1273 2604
1273 3001
1273 3018
1273 3167
1275 1698
1275 1891
1275 2417
1275 2813
1275 2863
1275 2985
1275 3440
1276 2076
1277 2004
1277 2496
1277 3496
1278 1531
1278 2083
1278 2535
1278 2562
1278 3415
1279 1410
1279 1958
1279 2681
1280 1421
1280 2116
1280 2250
1280 2422
1281 1292
1281 1462
1281 2465
1281 3104
1281 3298
1282 2261
1282 2447
1282 2480
1282 2826
1283 1559
1283 3365
1283 3428
1284 1298
1284 3328
1285 1997
1285 2002
1285 2660
1285 3031
1285 3210
1286 1907
1286 3298
1287 1708
1287 1926
1287 3235
1288 2002
1288 2892
1289 2178
1289 3007
1289 3191
1290 1684
1290 2429
1291 1326
1291 1375
1291 2150
1291 2456
1291 2815
1291 3113
1292 2246
1292 2494
1292 3388
1295 1678
1295 1897
1296 1514
1296 1672
1296 2168
1297 1654
1297 2004
1297 2366
1297 3038
1299 1675
1299 2140
1299 2468
1300 1691
1300 2054
1301 1406
1301 1814
1302 1694
1302 2232
1303 2003
1303 2085
1303 2229
1304 1527
1304 2427
1304 2567
1304 3083
1305 1680
1305 3163
1305 3391
1306 1725
1307 1599
1307 1766
1309 1399
1309 1503
1309 2221
1309 3384
1309 3478
1310 1801
1311 1446
1311 1498
1311 2309
1311 2457
1312 1761
1312 2011
1312 2127
1313 2551
1314 2738
1315 2307
1316 1531
1316 1841
1316 3069
1316 3449
1318 1806
1318 2745
1318 3146
1319 1718
1319 2335
1320 1636
1320 1737
1320 1785
1320 2039
1320 2475
1320 2677
1320 3125
1320 3226
1321 1407
1321 2023
1321 2470
1321 2692
1322 1376
1322 1770
1322 2192
1322 2760
1323 2524
1323 2657
1324 3079
1325 2538
1325 2859
1326 1740
1326 1877
1326 2022
1326 2548
1326 3490
1327 2452
1327 2926
1327 3505
1328 1333
1328 2949
1329 1518
1329 1524
1329 3338
1330 1642
1330 2730
1330 3188
1330 3384
1331 2076
1331 2463
1331 3136
1332 2837
1332 3152
1332 3315
1332 3448
1333 1617
1333 2343
1333 2531
1333 2607
1333 2887
1334 2736
1335 2253
1336 2889
1337 1376
1338 1925
1338 2423
1338 3274
1339 1902
1339 2907
1340 1351
1340 3290
1341 2831
1341 3417
1342 1538
1342 1589
1342 2924
1342 3020
1342 3219
1343 1513
1343 2133
1344 1741
1344 2172
1344 2826
1345 1774
1345 2638
1346 1470
1346 2548
1346 2775
1347 1826
1348 1483
1348 1526
1349 3200
1349 3308
1349 3482
1351 2395
1351 2421
1351 2489
1352 2247
1352 2770
1352 3108
1353 1362
1353 2265
1354 1751
1354 1857
1354 2286
1354 2575
1354 3389
1355 1749
1356 1433
1356 2205
1356 2740
1358 1816
1360 1807
1361 2399
1362 1648
1362 2599
1362 3235
1363 1785
1364 1465
1364 1902
1364 2138
1364 2633
1364 3089
1365 2141
1365 3310
1366 1825
1366 2060
1368 1938
1369 2004
1370 2853
1370 3200
1372 1946
1372 2274
1372 2848
1372 3108
1374 1912
1374 2389
1374 2909
1375 1503
1375 1631
1375 3178
1375 3315
1376 2072
1377 2768
1377 3060
1377 3304
1379 2094
1379 2423
1380 1727
1380 3332
1381 1447
1381 1480
1381 1577
1381 1692
1381 2144
1381 2449
1382 1717
1382 1805
1382 2859
1383 1662
1383 2670
1383 2718
1384 2068
1384 3191
1385 2506
1386 2847
1387 2308
1387 2616
1387 3269
1388 2045
1388 2177
1388 3205
1388 3399
1390 3135
1391 2715
1392 2542
1392 2765
1393 1516
1394 1632
1394 1670
1394 1924
1395 1835
1395 2178
1397 3417
1398 1557
1398 2166
1398 2261
1399 1717
1399 1726
1401 2400
1402 2460
1403 1659
1403 2698
1403 3021
1403 3151
1404 2176
1404 2298
1404 2904
1405 1843
1405 2671
1405 3423
1406 1886
1406 1949
1407 2418
1407 2530
1407 2694
1408 1640
1408 1867
1408 2471
1409 1832
1409 2372
1409 2482
1409 2511
1409 3062
1410 1549
1411 1665
1411 2097
1411 3356
1411 3474
1412 1969
1412 2311
1412 2538
1412 2655
1412 3099
1413 1573
1413 2009
1413 3008
1413 3314
1414 2624
1415 1471
1415 3112
1416 1486
1417 1419
1417 1940
1417 2721
1418 2408
1419 1603
1419 2276
1420 1759
1420 3300
1421 2144
1421 2153
1421 2727
1421 2739
1422 1887
1422 2176
1422 2477
1423 1914
1423 3217
1424 2314
1425 1581
1425 1730
1425 2472
1425 2620
1425 2652
1425 3140
1426 1645
1426 3088
1427 1674
1427 1998
1428 2504
1429 1694
1429 2617
1431 1534
1431 2501
1431 3188
1432 1937
1433 1753
1434 1616
1434 1825
1434 3141
1435 2008
1435 2055
1435 2115
1435 3112
1436 1541
1436 1547
1436 2843
1437 2601
1437 2882
1438 2281
1438 2774
1438 3341
1439 1698
1439 2173
1439 2814
1440 1897
1440 2124
1440 3335
1441 2026
1442 3480
1443 2140
1444 1893
1444 3029
1444 3492
1445 2100
1445 2539
1446 1448
1446 1905
1446 2023
1446 2698
1447 2319
1447 3292
1447 3398
1449 1839
1449 2713
1449 2854
1449 3428
1450 2564
1450 3203
1450 3499
1451 2866
1451 2910
1451 3368
1452 1690
1452 1875
1452 1957
1452 2295
1452 2314
1452 3184
1453 1881
1454 1795
1454 3489
1455 2934
1455 3297
1456 1604
1456 2511
1456 3155
1457 2747
1457 3412
1458 1659
1458 1826
1458 2016
1458 2191
1459 2551
1459 3059
1459 3135
1459 3334
1460 1546
1460 2394
1460 2554
1461 2869
1461 3464
1462 1535
1463 1502
1463 1925
1463 2098
1463 3244
1464 1773
1464 2238
1464 2251
1464 2504
1464 2794
1465 2844
1466 1897
1466 2544
1466 3258
1466 3340
1467 3150
1468 2265
1468 2802
1469 1874
1470 2454
1471 2156
1471 3414
1472 2939
1472 3370
1472 3477
1473 2022
1473 2373
1475 1785
1475 2332
1475 3045
1476 2110
1476 3364
1477 3503
1478 3063
1479 2640
1479 3403
1480 1834
1480 2286
1480 3118
1481 1852
1481 2883
1481 3076
1482 2406
1482 2696
1482 2717
1482 2841
1482 3047
1482 3386
1483 2508
1483 2514
1484 2704
1485 1618
1485 3031
1486 3461
1487 1540
1487 2373
1488 2037
1489 1674
1489 1751
1489 1944
1489 2867
1490 2805
1491 2359
1491 2686
1491 3085
1492 2257
1493 2306
1493 2395
1494 2398
1494 2608
1496 1908
1496 2266
1496 2381
1496 2981
1497 2048
1499 2763
1500 2040
1500 2959
1500 3183
1500 3373
1501 2090
1501 2751
1501 2929
1501 3014
1502 1807
1503 1920
1503 2348
1505 1715
1505 2445
1505 2464
1505 2662
1506 1734
1506 2792
1507 2164
1508 3095
1509 1771
1509 1988
1510 2829
1512 2384
1512 2988
1513 1850
1513 2430
1513 2523
1513 2992
1513 3026
1513 3395
1514 1700
1514 1710
1515 2397
1515 3301
1516 1586
1516 1720
1516 3068
1518 2523
1518 3222
1519 1677
1519 1735
1519 1774
1519 2179
1519 3129
1519 3284
1519 3420
1520 1947
1520 2235
1520 2613
1520 2796
1520 3346
1521 1654
1521 3171
1522 2296
1522 2999
1523 1913
1523 2432
1523 2608
1523 2788
1524 2640
1525 3422
1526 1581
1526 3233
1527 2072
1527 3072
1528 1582
1528 2471
1528 2815
1529 3316
1529 3421
1530 2548
1530 2977
1531 3190
1532 2661
1532 2685
1532 3305
1533 1930
1533 2287
1534 3410
1535 2213
1535 3168
1535 3218
1536 1660
1536 1709
1536 1997
1536 2438
1538 2034
1538 2437
1538 2545
1539 1911
1539 2480
1540 2409
1540 2531
1541 1995
1541 2767
1542 2831
1543 1733
1543 3435
1544 2780
1544 3377
1545 1752
1545 2042
1546 2369
1546 2541
1546 3295
1547 2875
1548 2622
1549 2828
1554 1607
1554 2045
1554 3222
1554 3334
1555 3105
1556 1579
1556 2535
1556 3134
1557 1810
1557 2631
1557 2646
1557 2984
1558 1937
1558 2474
1559 2216
1559 2889
1559 3325
1560 1913
1560 2836
1562 2888
1564 1696
1564 1909
1564 2963
1564 3166
1565 1900
1565 2276
1565 2593
1566 2167
1566 2950
1566 3425
1567 1956
1567 2103
1569 1698
1569 2101
1569 3462
1570 2419
1570 2990
1571 2194
1571 2206
1571 3283
1571 3490
1572 1641
1572 1961
1572 2591
1572 3438
1573 2011
1573 3008
1575 2468
1576 1680
1577 1817
1578 1986
1578 2418
1579 3002
1579 3319
1580 2505
1580 2693
1580 3238
1581 3238
1582 2075
1583 3121
1584 1738
1584 1807
1584 1811
1586 3116
1586 3488
1587 2572
1587 3035
1587 3259
1587 3357
1588 2303
1588 2412
1588 3225
1589 2395
1590 3228
1592 2915
1592 3150
1592 3276
1593 2974
1593 3395
1594 2070
1594 2891
1595 2380
1595 2720
1595 3136
1595 3413
1596 2537
1596 2649
1597 1831
1597 2338
1598 1734
1598 2436
1598 3489
1600 2687
1600 3126
1601 2217
1601 3434
1602 2499
1602 2629
1604 2528
1604 2682
1606 1810
1606 2285
1606 3249
1607 2253
1608 3330
1609 1698
1609 3069
1610 1813
1611 2549
1611 2626
1611 2627
1612 1967
1612 2453
1614 2805
1614 3335
1615 2884
1615 3320
1616 1974
1617 2586
1618 2460
1618 2545
1618 2830
1618 2936
1618 3238
1619 1788
1619 2461
1620 1648
1620 2783
1620 3281
1621 2469
1621 2713
1621 3205
1621 3381
1622 2507
1622 3037
1623 3088
1624 3371
1625 3028
1626 2226
1626 3149
1626 3192
1627 1944
1627 2138
1627 2268
1627 2357
1628 1842
1628 2107
1628 3218
1629 1676
1630 2937
1630 3183
1631 1703
1632 1971
1632 3301
1633 3224
1633 3251
1634 2617
1635 1941
1635 2631
1636 1856
1636 3043
1638 2342
1639 2114
1640 2102
1641 1738
1641 1873
1641 2647
1641 2700
1641 3082
1641 3098
1641 3367
1642 2518
1642 2650
1642 3114
1642 3206
1643 1727
1643 3013
1644 3315
1645 2058
1645 2074
1645 2293
1645 2533
1646 3012
1647 1803
1647 3199
1648 1650
1648 2850
1648 2893
1649 1806
1649 3194
1650 2474
1650 3097
1651 2156
1651 3399
1652 2679
1653 1871
1653 2800
1654 1914
1654 2323
1655 1690
1656 2119
1657 2278
1658 2194
1658 2576
1658 2916
1658 3333
1658 3415
1660 3130
1661 1896
1661 2298
1662 1697
1662 1851
1662 2840
1662 3353
1663 1679
1663 2322
1664 1820
1665 2106
1665 2414
1665 2707
1665 2829
1667 1990
1667 2811
1667 3255
1668 2145
1669 2009
1669 2395
1669 2412
1669 2810
1669 3112
1670 2186
1670 3138
1671 2749
1671 3331
1672 2616
1673 1716
1673 2505
1674 3159
1674 3375
1674 3496
1675 1806
1675 2105
1675 2453
1676 2251
1676 2506
1676 2507
1676 2773
1677 2352
1678 2281
1678 2665
1678 2731
1678 2988
1679 2590
1680 2435
1680 2605
1681 1949
1681 1979
1681 2239
1681 2836
1681 3183
1684 1948
1684 2387
1684 2590
1684 2729
1685 2682
1685 2690
1686 2442
1686 2663
1689 1848
1689 2325
1689 2327
1689 3043
1689 3201
1689 3388
1690 2537
1690 2956
1690 3187
1691 2633
1692 2829
1692 2947
1693 2199
1693 2915
1693 2933
1695 2174
1695 2175
1695 3145
1696 2435
1696 2673
1697 2387
1697 2615
1697 3379
1698 3424
1699 2120
1700 2375
1700 2767
1700 3341
1701 1728
1703 1908
1703 3401
1704 1727
1706 1929
1706 2069
1706 2933
1706 2976
1707 2252
1707 2677
1708 2281
1708 2356
1708 2768
1708 3068
1708 3209
1709 2002
1709 2029
1709 2980
1709 3160
1710 1732
1710 1889
1710 2257
1711 3201
1712 2375
1713 2073
1713 2119
1713 2611
1713 3455
1714 2558
1714 2759
1715 2020
1715 2647
1716 1915
1717 2493
1718 1924
1718 3388
1719 1949
1719 2715
1719 2846
1719 3489
1720 1777
1720 2257
1720 2530
1720 3070
1720 3076
1720 3414
1721 1932
1721 1956
1721 1970
1721 2983
1721 2995
1721 3020
1721 3066
1722 2871
1726 2554
1727 2267
1727 3328
1728 3100
1730 2692
1731 2898
1732 2807
1732 3331
1733 2069
1733 2582
1735 2513
1735 2532
1736 1760
1736 2540
1736 2605
1737 3470
1738 2805
1739 2907
1740 2585
1741 3227
1742 1828
1742 2642
1742 3316
1742 3359
1743 1994
1744 3052
1745 2230
1745 2543
1745 2766
1746 2157
1746 2656
1747 2397
1747 2849
1748 1830
1748 2025
1749 2711
1749 2842
1750 2113
1751 2623
1751 2741
1753 2009
1757 1938
1757 3101
1758 1902
1758 2276
1758 2906
1760 1878
1761 2380
1762 2870
1762 3501
1763 3359
1764 3229
1764 3355
1765 2827
1766 2700
1767 2867
1768 1942
1768 2105
1768 2758
1768 3066
1768 3415
1769 1880
1769 2313
1769 2945
1769 3045
1770 2443
1770 2684
1770 3479
1771 2397
1772 1997
1772 2043
1772 2332
1772 2521
1773 2207
1773 2681
1774 2273
1774 2336
1774 3325
1775 3265
1777 1869
1778 2565
1778 2605
1778 3144
1778 3478
1779 3152
1781 2962
1784 1825
1784 2621
1785 2290
1785 2620
1786 2049
1786 3037
1787 1867
1787 3053
1787 3442
1789 2322
1789 2564
1789 2695
1789 2922
1790 3157
1791 2045
1792 2725
1792 3106
1793 2390
1793 3118
1794 2088
1794 2704
1795 2436
1795 3397
1797 3095
1798 2723
1799 2995
1799 3098
1800 3121
1801 2205
1801 2616
1801 3064
1802 2795
1802 2863
1802 3429
1802 3439
1803 2200
1804 2724
1804 2871
1805 2394
1805 3080
1807 1890
1807 2865
1807 2908
1807 2962
1807 3498
1809 2128
1809 3052
1810 3004
1811 3172
1811 3441
1812 3108
1813 3015
1814 2712
1814 3078
1815 1894
1815 2895
1815 3310
1817 1854
1817 1932
1817 3196
1817 3468
1818 2069
1818 2416
1820 2611
1820 2888
1821 2638
1821 3362
1822 2237
1822 2752
1822 2942
1823 1834
1823 3056
1823 3383
1824 1906
1824 2486
1824 2716
1824 3477
1825 2307
1825 3286
1825 3295
1826 2027
1826 3118
1826 3157
1826 3458
1827 2571
1828 2124
1828 2918
1828 3100
1829 1852
1829 2083
1829 2753
1830 2350
1831 2990
1831 3494
1832 3374
1833 1922
1833 2805
1833 3137
1834 3262
1835 2060
1835 2956
1838 1881
1839 2923
1840 2148
1840 2899
1840 3162
1840 3444
1841 1977
1841 3082
1843 2604
1843 3073
1843 3249
1843 3386
1844 1850
1844 2511
1844 3301
1845 2306
1845 2673
1845 3321
1846 2478
1847 3302
1848 2941
1849 3478
1850 2289
1850 2342
1853 2810
1854 1865
1854 2277
1857 3440
1857 3448
1858 2283
1858 2302
1858 3169
1858 3368
1860 3343
1861 2093
1862 1991
1862 2578
1862 3335
1864 2053
1865 2823
1865 2898
1865 3463
1866 2088
1866 2275
1866 2880
1867 1932
1867 1936
1868 2777
1868 2958
1868 3170
1869 2614
1869 3397
1871 2266
1871 2781
1871 3065
1873 2060
1873 2119
1873 2563
1873 2696
1875 2013
1875 2917
1875 3010
1875 3397
1876 2089
1876 2276
1876 2912
1876 3412
1878 2168
1878 2427
1879 2641
1880 2061
1880 2236
1880 2744
1880 2874
1881 2092
1881 2373
1881 2741
1881 2813
1882 3169
1883 2401
1884 2221
1885 2842
1886 2292
1888 2092
1888 2269
1889 2113
1889 2528
1889 2820
1889 3364
1890 2128
1890 3503
1891 2210
1891 2962
1891 3455
1892 2032
1893 3296
1894 2752
1895 2058
1895 2355
1895 2406
1896 3405
1897 3302
1900 1992
1900 2156
1900 2606
1900 2858
1901 2982
1903 2054
1904 2486
1905 2229
1906 3015
1907 2555
1907 3285
1908 3267
1910 2191
1910 3337
1911 3094
1912 2754
1912 2774
1913 2436
1913 2966
1914 2518
1914 2869
1914 2923
1915 2149
1915 2521
1915 2605
1915 2684
1915 2831
1917 2912
1917 3484
1918 2200
1919 2459
1919 2862
1919 3038
1920 2014
1920 2564
1920 3365
1921 2101
1921 3228
1922 2487
1923 1956
1923 2101
1925 3075
1927 2811
1927 2831
1927 3248
1928 1977
1928 2355
1928 2790
1929 3423
1930 2299
1930 2550
1930 3327
1931 2106
1931 3350
1932 1963
1932 1973
1933 1937
1933 2814
1934 2184
1934 3010
1934 3170
1934 3406
1935 3100
1938 2451
1939 2041
1939 2187
1939 3499
1940 2010
1940 3419
1942 2330
1943 3098
1945 3279
1946 1956
1946 2189
1947 2902
1947 3027
1948 2769
1948 3269
1948 3439
1950 2717
1950 3201
1950 3210
1952 2407
1953 2253
1954 2167
1954 2767
1956 2074
1956 2484
1956 3107
1957 3273
1957 3300
1957 3351
1958 2169
1958 2401
1958 2676
1959 2628
1959 3103
1960 2996
1960 3032
1961 2687
1961 2776
1961 3275
1961 3356
1961 3417
1962 2190
1963 2746
1963 3377
1964 2115
1964 2672
1965 3420
1966 2120
1966 2364
1966 2979
1966 3204
1967 2351
1968 3435
1969 2544
1969 2647
1970 2083
1970 2335
1970 3403
1972 2422
1972 3064
1972 3399
1973 2199
1973 2707
1974 2234
1977 2166
1977 2920
1977 3232
1977 3432
1978 2093
1979 2492
1980 3254
1980 3389
1981 2440
1982 2022
1982 3189
1986 2375
1988 2655
1988 3433
1989 2947
1990 2355
1990 3163
1993 2141
1993 2414
1993 3047
1994 2019
1995 2414
1996 3284
1997 2439
1997 3105
1998 2027
1999 2916
1999 3410
2000 2798
2001 2307
2001 2395
2001 2934
2002 2018
2002 2788
2003 2030
2003 2647
2003 2750
2005 2714
2007 2278
2007 2286
2007 2466
2007 2567
2008 2562
2008 3091
2008 3289
2008 3371
2009 2572
2009 3247
2010 2150
2011 2079
2011 2299
2012 2496
2013 2570
2014 2694
2015 2068
2015 2490
2015 3406
2016 2181
2016 2851
2016 3216
2017 2293
2017 2551
2017 3263
2018 2661
2018 2991
2018 3438
2019 3479
2020 2026
2020 2068
2020 2241
2020 2258
2020 2637
2021 2703
2023 2668
2023 2680
2023 3313
2023 3485
2024 2049
2025 2159
2025 2908
2025 3112
2026 3138
2027 2409
2028 2349
2028 2399
2028 2727
2029 2921
2029 3136
2032 2102
2032 2921
2032 2964
2033 2815
2033 3462
2034 2744
2034 2849
2034 2877
2035 3068
2036 3386
2037 2223
2037 2240
2037 2551
2037 3267
2038 2364
2038 2365
2038 2831
2039 2102
2039 2172
2039 2652
2041 2205
2041 2474
2041 3404
2042 2599
2043 2489
2044 3194
2044 3424
2045 2952
2045 3350
2045 3393
2047 2546
2047 2759
2047 3220
2047 3409
2048 2826
2049 2281
2049 3455
2050 2201
2050 2982
2051 2984
2052 2723
2054 3413
2055 2617
2056 3274
2056 3391
2056 3439
2058 2749
2060 2758
2060 3196
2061 2333
2063 2265
2064 3309
2064 3360
2065 3084
2066 2697
2067 2872
2068 2836
2068 3182
2068 3191
2069 2403
2070 2280
2070 2547
2070 3122
2071 2261
2071 2978
2071 3002
2072 2916
2075 2832
2077 2366
2077 2417
2077 3347
2078 2125
2078 2609
2078 2966
2079 2933
2079 3131
2079 3495
2080 3016
2080 3220
2080 3493
2081 2130
2081 3355
2081 3488
2082 2279
2082 3075
2082 3444
2083 3216
2084 2688
2084 3371
2085 2199
2085 2923
2086 2466
2086 2695
2087 2509
2087 2738
2087 2763
2087 3058
2087 3105
2088 2231
2088 3287
2088 3489
2089 2385
2089 2473
2089 2564
2089 3247
2090 2244
2090 3097
2091 2199
2091 3439
2092 3443
2093 2201
2093 2384
2094 2192
2094 2882
2095 2319
2095 2885
2096 2809
2096 3003
2096 3380
2097 2104
2097 2132
2098 2372
2100 2390
2100 2399
2100 3127
2101 3057
2102 2163
2103 2493
2103 2971
2104 3008
2104 3296
2105 2234
2106 2519
2106 3187
2107 3217
2108 3104
2108 3221
2108 3363
2109 3460
2113 2209
2113 2449
2115 2785
2115 3352
2118 2169
2118 2613
2119 2868
2119 3412
2120 3151
2120 3212
2122 3182
2123 2589
2124 2471
2124 2628
2125 2186
2125 3027
2125 3107
2126 2359
2127 2152
2127 2515
2127 2609
2127 3160
2128 3116
2129 2224
2130 2922
2131 2430
2131 2447
2133 2463
2133 2700
2134 3435
2135 2182
2135 2965
2136 2386
2136 3363
2136 3501
2137 2353
2137 2544
2137 3412
2138 3068
2139 2805
2139 3153
2140 2439
2142 2772
2142 3444
2144 2324
2144 2857
2145 2155
2145 2497
2145 2547
2147 2985
2148 2244
2149 2533
2149 2595
2149 2710
2150 2270
2151 3285
2151 3417
2151 3435
2152 2983
2153 2760
2154 3355
2155 2275
2157 2226
2157 2972
2158 2641
2158 2861
2158 3177
2159 3192
2160 2424
2162 2444
2162 3504
2163 2718
2163 3069
2163 3459
2164 2773
2165 2850
2165 3064
2166 2213
2167 3008
2167 3278
2168 2426
2168 3333
2170 2298
2172 2424
2172 2929
2172 2974
2172 3466
2173 2485
2173 2495
2174 2298
2174 3486
2175 3442
2177 2356
2177 2525
2179 2339
2179 2865
2179 3426
2180 3431
2181 3076
2182 3454
2183 3327
2185 2754
2186 2328
2186 2352
2186 3063
2189 2353
2190 2598
2191 2211
2191 2220
2191 2541
2191 2684
2191 2911
2191 3277
2192 3235
2195 2254
2196 2545
2196 3135
2196 3171
2197 2962
2197 3398
2199 2632
2199 2905
2199 3473
2200 3189
2201 2300
2201 2392
2202 2982
2203 2315
2203 2482
2203 2924
2203 3150
2204 2430
2205 2668
2205 2673
2206 2688
2207 2588
2207 3165
2211 2417
2211 3063
2213 3064
2215 3369
2215 3430
2215 3479
2216 2232
2216 2970
2216 3409
2217 3241
2219 2221
2219 2961
2220 2638
2220 3051
2220 3171
2220 3325
2221 2454
2221 2805
2221 3370
2221 3496
2223 2553
2223 3124
2224 2292
2224 2731
2225 2926
2225 3313
2226 2416
2227 2348
2227 2852
2227 3386
2233 2705
2234 3036
2234 3131
2235 2822
2237 2802
2238 2298
2238 2763
2240 3130
2243 2368
2243 3276
2243 3417
2245 2673
2245 2745
2245 2793
2246 2696
2246 2704
2247 3037
2248 2753
2249 2369
2249 3286
2250 2829
2250 3246
2251 2477
2251 3269
2252 2304
2252 3356
2253 2746
2253 3368
2256 2791
2257 2885
2257 2917
2258 2351
2258 2384
2258 2472
2259 2639
2259 3413
2261 3190
2261 3225
2264 3122
2265 2936
2265 3495
2266 2406
2267 2974
2268 3280
2269 3328
2270 2770
2270 3175
2270 3259
2271 2333
2271 2423
2271 2620
2272 2844
2272 3181
2273 2489
2274 2341
2274 2954
2275 2281
2275 2807
2277 2426
2277 3203
2278 2792
2279 3125
2281 2495
2281 2737
2282 2719
2283 2673
2283 2809
2283 2812
2284 3208
2285 3451
2287 2434
2287 2677
2287 3339
2288 2573
2288 3468
2291 2677
2293 3239
2296 2332
2296 3443
2297 2681
2298 2322
2299 2804
2300 2884
2301 2474
2302 2822
2302 2876
2302 3092
2303 2427
2304 3195
2304 3339
2305 3087
2305 3227
2306 2648
2307 2385
2308 2582
2308 2881
2308 3032
2309 2462
2309 3155
2310 2629
2310 2850
2311 2784
2312 2457
2312 3172
2312 3239
2312 3497
2314 2350
2314 2949
2314 3015
2315 2597
2316 3215
2317 2475
2317 3362
2319 2612
2319 3385
2321 2409
2321 3059
2321 3302
2323 3182
2325 2699
2328 3240
2329 2859
2330 3396
2331 2497
2331 3062
2331 3503
2332 3498
2333 2759
2333 3484
2334 2875
2334 3141
2338 3046
2338 3308
2340 3058
2342 3054
2343 2727
2345 2389
2345 3075
2346 2961
2347 2902
2347 3342
2348 3026
2350 2946
2350 3112
2350 3245
2352 3139
2352 3256
2353 3405
2357 3279
2358 2678
2358 2695
2359 3057
2359 3451
2360 2684
2361 2541
2361 2711
2361 3163
2362 2566
2366 3170
2366 3444
2367 3059
2368 2840
2368 2911
2368 2915
2369 2837
2369 2891
2371 3413
2373 2945
2375 2537
2376 3088
2377 2396
2378 3248
2380 2810
2383 2647
2383 3166
2383 3232
2384 2790
2385 2702
2385 3253
2388 3493
2390 3220
2390 3384
2391 2872
2391 3454
2392 2407
2393 3182
2393 3221
2395 2600
2397 2510
2397 2895
2397 3309
2399 2427
2401 3320
2401 3415
2402 2775
2402 2977
2402 3312
2402 3473
2403 2559
2403 2688
2403 2856
2403 3296
2404 3451
2405 2885
2405 2959
2405 3162
2408 2772
2408 2889
2409 3362
2410 2494
2410 3200
2411 2554
2412 2580
2412 3255
2413 2429
2414 2502
2414 3454
2415 2446
2415 3466
2417 2794
2417 2851
2418 3311
2419 2994
2420 2830
2420 3445
2421 3069
2422 3156
2423 2753
2425 2532
2425 2727
2425 2747
2427 3270
2428 3363
2429 2434
2429 2505
2429 2680
2429 2869
2430 2527
2430 3503
2431 2737
2432 3359
2432 3459
2433 2660
2433 2698
2433 3158
2434 2740
2435 3139
2435 3230
2436 2839
2436 3048
2437 2585
2437 3107
2439 2506
2439 2518
2441 3418
2441 3424
2442 3176
2444 3088
2445 2830
2446 3159
2446 3361
2447 2561
2447 2664
2447 3281
2449 3009
2450 2630
2451 2633
2451 2959
2451 3149
2452 2770
2452 3071
2455 2544
2455 2567
2455 2647
2455 3479
2457 2985
2458 3191
2458 3467
2459 3018
2459 3334
2460 2997
2461 3261
2463 2622
2463 3429
2467 2550
2467 3317
2467 3478
2468 3094
2473 3075
2474 3111
2475 3497
2477 2637
2477 2670
2478 2670
2478 2905
2479 3452
2480 2596
2481 2913
2481 3334
2482 2659
2484 3276
2485 2591
2486 2513
2486 3460
2487 3276
2489 3087
2489 3488
2490 2562
2490 2929
2491 2777
2491 2996
2491 3434
2492 2570
2494 3335
2494 3363
2494 3479
2499 3197
2499 3395
2500 2840
2501 3231
2503 2826
2503 2844
2504 2709
2504 2743
2506 2646
2507 2612
2508 2560
2508 2740
2508 3442
2510 3386
2512 3164
2512 3321
2514 3420
2515 2914
2515 3165
2516 3066
2518 3086
2519 2883
2519 3492
2520 2735
2520 3037
2523 2870
2524 2602
2524 3000
2524 3396
2529 2914
2530 3249
2531 2597
2532 2941
2534 3479
2537 2803
2538 3360
2539 3048
2539 3165
2541 2911
2543 3415
2544 2620
2544 2920
2544 3436
2545 3389
2547 3054
2548 2551
2549 2579
2550 2778
2550 3287
2550 3288
2551 2915
2552 3153
2552 3463
2553 2604
2553 2614
2554 3335
2554 3401
2556 2670
2557 2698
2557 3027
2557 3033
2558 3104
2558 3142
2559 2979
2560 3475
2561 3191
2563 3238
2567 2791
2567 3402
2568 3112
2569 3061
2569 3391
2570 2828
2571 2842
2571 2915
2571 2987
2573 2701
2573 3205
2573 3281
2573 3470
2574 3253
2574 3425
2580 3103
2581 2978
2582 3347
2584 3315
2585 3391
2585 3445
2589 3017
2589 3283
2590 2921
2591 3503
2593 3330
2594 2921
2594 2998
2595 2714
2595 3356
2598 2896
2598 3151
2602 2966
2604 2685
2605 3106
2607 2624
2608 2900
2610 2667
2612 3390
2612 3494
2614 2759
2614 2850
2616 2901
2616 3049
2618 3042
2619 3425
2621 2762
2621 3082
2621 3273
2622 3081
2622 3367
2623 2853
2624 2908
2624 3265
2625 2959
2628 3021
2629 2694
2629 2804
2629 3088
2630 2917
2635 2913
2637 3255
2639 2884
2639 2931
2640 3492
2641 2668
2641 3307
2643 2903
2644 3019
2645 2968
2646 2686
2646 3101
2650 2957
2654 3123
2655 2786
2655 3466
2658 2692
2659 2708
2660 2731
2661 3243
2662 2993
2662 3009
2662 3271
2665 3213
2666 2734
2666 2951
2666 3398
2667 3333
2668 2976
2668 3456
2670 3446
2670 3471
2671 2856
2676 3315
2678 2797
2681 3296
2681 3330
2682 3237
2683 3486
2684 2698
2685 2854
2688 3250
2688 3453
2689 2821
2689 3162
2689 3309
2691 2845
2691 3159
2691 3399
2693 2898
2693 3041
2693 3245
2694 3158
2695 2970
2696 3416
2697 2779
2698 2762
2698 3377
2699 2937
2699 3261
2700 2799
2700 3024
2701 3232
2701 3435
2702 2793
2702 3241
2704 3079
2705 2876
2705 2986
2705 3234
2705 3291
2707 3223
2707 3329
2708 3270
2710 2800
2710 3253
2713 2935
2713 3259
2714 2973
2714 2983
2714 3293
2714 3384
2715 3333
2715 3361
2716 3265
2717 3411
2718 3494
2720 3305
2721 2769
2722 3454
2723 2817
2723 3416
2724 2918
2724 3042
2724 3194
2725 2955
2728 2766
2729 2981
2729 3359
2730 3069
2731 2814
2732 3087
2733 3019
2733 3244
2734 3175
2734 3221
2735 3011
2738 2792
2739 2879
2740 2944
2740 3068
2742 3397
2745 2834
2746 2749
2748 2749
2748 3225
2749 3263
2752 3059
2753 2873
2754 2982
2754 2986
2756 3028
2758 3359
2759 2988
2760 2830
2760 3052
2761 3075
2763 2964
2764 2914
2765 3213
2767 3259
2767 3381
2767 3419
2770 3439
2771 3245
2773 2791
2773 2926
2774 2897
2774 3410
2777 2827
2779 2841
2779 2918
2782 2806
2785 3503
2787 3146
2788 2792
2788 3401
2789 3027
2789 3194
2790 3489
2791 2892
2793 2968
2795 2823
2795 3325
2797 3086
2800 2961
2800 3191
2802 3462
2803 2918
2806 2885
2807 3099
2809 3057
2809 3284
2811 3025
2812 3236
2813 3012
2815 3443
2817 3016
2819 3194
2821 3064
2821 3477
2822 3442
2823 3202
2824 3143
2824 3221
2825 2929
2826 2971
2826 3250
2827 2918
2828 2954
2829 3445
2831 3119
2831 3251
2831 3397
2832 3486
2835 3272
2837 2954
2837 3405
2838 3217
2839 2905
2839 3206
2841 3453
2843 2960
2843 3126
2844 3246
2844 3399
2847 2920
2847 3210
2848 3337
2851 3245
2853 3061
2855 2943
2855 3435
2859 3434
2859 3459
2861 2988
2861 3249
2861 3299
2862 2918
2863 3284
2864 3047
2866 2943
2867 2952
2869 3001
2870 3247
2874 3359
2875 3207
2877 3354
2879 2986
2879 3447
2880 3151
2884 3311
2885 2910
2886 3387
2889 3012
2893 2991
2894 2968
2895 2896
2896 3026
2898 3381
2900 3343
2901 3179
2901 3227
2903 3338
2904 3313
2909 3468
2910 3244
2910 3290
2912 3419
2913 3482
2917 3103
2917 3236
2919 3471
2922 3469
2923 3294
2925 2982
2926 3494
2927 3389
2930 2931
2931 3490
2935 3175
2935 3379
2937 3028
2937 3350
2939 3138
2940 3310
2942 3342
2943 2962
2944 3183
2950 2999
2950 3246
2951 3296
2952 3187
2956 3425
2957 3408
2962 3051
2962 3235
2962 3482
2962 3486
2963 3483
2966 3342
2966 3373
2966 3455
2967 3302
2968 3073
2969 3047
2969 3238
2971 3051
2971 3087
2971 3293
2972 3108
2972 3260
2975 3159
2978 3262
2979 3483
2981 3213
2981 3340
2981 3438
2982 3001
2983 3223
2983 3237
2983 3503
2984 3024
2986 3163
2987 2988
2987 3158
2989 3439
2990 3472
2991 3108
2996 3429
3002 3277
3002 3301
3002 3427
3004 3465
3005 3503
3010 3277
3013 3132
3022 3452
3023 3132
3030 3255
3031 3425
3032 3129
3033 3110
3038 3095
3039 3154
3039 3450
3047 3144
3054 3197
3054 3439
3054 3449
3055 3344
3060 3141
3062 3356
3063 3480
3066 3121
3067 3330
3068 3298
3072 3233
3073 3124
3074 3372
3076 3266
3076 3455
3083 3471
3086 3478
3088 3098
3090 3308
3091 3199
3092 3313
3093 3367
3093 3446
3094 3492
3101 3369
3104 3237
3105 3491
3111 3201
3111 3342
3112 3218
3114 3465
3115 3295
3117 3270
3118 3412
3119 3319
3121 3407
3127 3319
3128 3416
3129 3337
3133 3198
3133 3477
3139 3175
3140 3264
3147 3374
3148 3321
3148 3412
3154 3484
3156 3333
3157 3169
3162 3422
3162 3450
3163 3326
3167 3314
3168 3345
3174 3243
3176 3386
3177 3223
3183 3421
3187 3269
3187 3278
3187 3485
3194 3345
3209 3268
3211 3282
3211 3288
3213 3271
3215 3270
3215 3489
3216 3440
3218 3311
3219 3394
3221 3287
3221 3360
3225 3435
3228 3490
3233 3338
3240 3385
3244 3474
3246 3273
3251 3307
3252 3292
3252 3471
3253 3255
3253 3362
3255 3418
3257 3315
3261 3490
3264 3468
3267 3340
3275 3366
3276 3408
3287 3335
3305 3407
3308 3365
3308 3376
3308 3449
3320 3490
3322 3365
3325 3354
3335 3441
3336 3405
3336 3425
3339 3457
3343 3416
3351 3439
3357 3467
3364 3429
3380 3458
3390 3410
3402 3428
3409 3471
3412 3483
3412 3498
3449 3459
