0 54
0 435
0 481
1 533
1 541
3 438
3 838
3 1099
4 451
4 998
6 108
6 689
6 1051
6 1356
7 520
7 1251
8 144
8 1341
8 1383
9 486
9 735
10 291
10 931
10 939
10 1025
10 1028
10 1212
11 829
12 895
12 1125
13 71
13 655
13 1101
14 652
15 224
15 530
15 636
15 692
15 735
15 1057
15 1374
16 138
16 532
16 613
16 763
17 384
18 134
18 617
18 702
18 1070
19 690
21 192
21 396
22 1233
23 601
23 1115
24 622
24 966
25 558
25 587
25 676
25 871
25 1091
26 1090
27 335
27 361
27 382
27 901
27 1262
29 113
29 253
29 736
29 741
30 210
30 1359
31 175
32 65
32 1178
33 50
33 476
33 1310
34 411
34 535
35 934
36 474
37 157
37 1273
38 155
39 441
40 183
40 997
41 337
41 1424
42 282
42 823
42 1138
42 1384
43 840
43 897
44 178
44 813
44 1223
45 897
45 990
46 157
46 560
46 634
46 1233
46 1425
47 206
48 1094
50 988
50 1147
50 1434
51 481
52 686
52 958
53 772
54 533
54 584
54 733
54 1405
55 100
55 192
55 792
56 281
57 1003
58 119
58 343
59 749
60 414
60 1073
60 1269
62 240
62 492
63 548
63 552
63 789
63 885
64 151
64 475
64 486
64 912
65 338
65 450
65 963
66 729
66 1227
67 620
67 1037
68 786
68 938
69 667
69 907
70 922
70 968
70 1024
70 1300
70 1309
71 717
71 742
72 769
73 221
73 263
73 869
73 998
74 544
75 149
75 735
76 147
76 786
76 1420
77 263
77 428
77 1208
78 174
78 715
78 840
79 432
79 546
79 575
79 857
80 597
80 1179
81 644
82 1095
83 599
85 533
85 1350
87 963
88 682
88 868
89 543
89 802
90 134
90 396
90 1035
90 1411
90 1441
91 507
91 1155
92 513
92 517
92 1094
93 254
93 807
94 1417
95 374
97 276
97 471
97 701
97 771
98 628
98 862
99 198
99 224
99 449
99 1223
100 315
100 597
100 679
100 1146
101 1371
102 217
102 1421
103 1264
104 1403
105 322
105 425
105 515
105 919
106 547
106 718
107 425
107 725
108 678
108 930
108 1057
109 1035
110 628
110 773
111 255
111 559
111 811
111 1178
111 1425
112 800
112 886
113 1337
115 169
115 201
115 613
116 225
116 843
116 847
116 1351
116 1443
117 1106
117 1238
118 447
118 976
119 127
121 962
122 1425
123 458
123 968
123 1033
123 1417
124 784
125 162
125 190
125 517
125 698
126 499
126 630
127 139
127 1079
127 1263
129 346
130 1116
131 745
132 900
132 977
132 1073
133 261
133 1303
134 345
134 415
134 1126
134 1231
135 1369
136 337
136 625
136 756
138 785
139 169
139 595
140 811
140 1135
140 1137
140 1206
141 690
141 759
142 674
143 187
143 816
144 732
144 1000
145 271
147 866
147 892
147 963
147 972
148 1404
149 199
151 230
151 282
151 552
151 1139
152 393
152 845
153 1095
154 1181
155 269
155 914
155 1153
156 473
157 343
157 502
158 243
158 691
158 925
158 1187
159 1275
160 865
161 229
161 1180
161 1291
162 522
163 436
163 748
163 1025
163 1292
164 781
164 1013
164 1266
164 1383
166 677
166 866
167 483
167 1394
168 223
168 797
168 1056
169 476
169 492
169 979
169 1146
171 567
171 604
171 670
171 687
172 1339
173 223
173 554
173 690
174 1101
175 1132
177 489
177 552
177 978
178 329
178 561
178 647
178 771
179 822
179 1091
180 1216
181 353
181 365
181 649
181 891
182 1429
184 251
184 1416
185 345
186 1225
186 1275
187 322
187 658
187 1348
188 746
189 505
189 558
190 709
191 1002
191 1238
192 316
192 1064
192 1116
192 1262
193 478
194 207
194 531
195 452
196 341
197 844
197 1056
199 554
199 976
199 1036
199 1118
199 1298
199 1418
200 697
201 1284
201 1287
202 1126
204 212
204 1085
205 276
205 792
207 519
207 915
207 1121
207 1422
208 684
209 360
209 1342
210 362
210 475
212 517
212 540
213 589
213 1364
214 1251
216 293
216 601
216 895
216 1067
217 290
217 426
217 1168
217 1291
218 842
218 1122
219 722
219 887
219 1199
220 1375
221 360
221 1240
221 1262
222 410
222 810
222 1189
223 350
223 353
223 717
225 1048
226 525
226 878
226 953
226 1292
227 685
227 867
229 1255
231 275
231 788
231 969
232 557
233 467
235 822
235 1055
235 1282
236 502
236 503
237 861
238 815
240 465
241 507
241 573
242 761
243 1146
244 919
244 1019
244 1035
245 252
245 549
245 659
245 974
247 405
247 802
247 966
247 1161
248 314
248 918
248 1338
249 257
249 1012
249 1275
250 401
250 758
251 446
251 812
252 911
252 971
254 870
254 1321
256 424
256 548
256 1266
257 1097
257 1129
257 1404
258 480
258 918
258 1430
259 953
260 731
260 857
260 1110
260 1126
261 353
261 926
262 334
262 1444
263 790
263 855
263 1157
263 1447
264 387
264 931
264 969
265 1040
265 1061
266 730
266 1144
267 1180
268 428
268 501
268 929
269 802
270 570
270 590
270 697
270 1212
271 526
271 966
272 372
272 618
272 941
272 1236
273 1291
275 666
275 1036
276 594
277 680
277 813
277 1421
278 1302
279 727
279 1136
280 354
281 638
281 1049
281 1230
282 1266
284 408
285 835
286 1067
286 1433
287 454
287 1182
288 1101
289 459
289 701
290 1195
292 480
293 363
294 673
294 943
294 1396
295 1278
296 903
297 590
297 807
297 1368
299 585
299 660
299 1214
300 997
300 1022
300 1025
301 314
301 338
301 738
301 824
302 367
302 511
302 816
302 1078
303 415
303 1449
304 997
304 1234
306 447
306 912
306 1054
307 1197
307 1404
308 710
308 1190
309 600
309 1193
311 601
311 719
312 532
312 886
312 1081
313 1058
313 1224
314 1172
315 331
315 1375
316 1408
317 558
317 841
319 690
319 894
321 1127
321 1299
322 722
323 984
323 1310
323 1375
323 1400
324 874
325 641
325 646
325 727
325 1118
326 644
327 465
327 890
327 1352
328 735
328 1352
328 1408
329 1240
330 825
330 890
331 750
331 1077
332 457
332 805
332 1275
333 1234
333 1282
334 436
334 608
334 958
335 347
335 666
335 1404
336 450
336 1421
337 669
337 1446
338 524
338 773
338 886
338 903
338 1075
338 1217
340 867
340 965
341 540
341 933
341 1268
342 414
342 416
342 443
343 800
343 861
343 1424
344 1115
344 1297
345 452
345 1338
347 478
348 569
348 1103
349 409
350 1322
351 469
351 499
351 673
351 847
352 939
352 1031
353 438
353 572
354 994
356 800
356 930
356 1130
356 1190
356 1419
357 972
358 976
359 467
360 508
360 617
360 1292
361 444
361 744
361 887
361 1178
362 647
363 828
363 1174
363 1304
365 1013
367 734
367 929
369 774
369 1413
371 1328
372 576
373 470
373 474
373 626
373 1434
374 750
374 1164
374 1363
375 693
375 801
375 871
377 882
379 528
380 1147
382 544
382 1030
383 463
383 631
383 1072
383 1340
384 559
384 1213
385 714
385 896
385 1430
387 801
388 695
388 1142
388 1425
389 400
389 1177
389 1292
390 925
390 1413
392 438
393 826
393 1038
394 744
394 857
395 460
395 610
396 1210
397 603
397 956
397 1087
398 804
400 780
400 890
400 1165
401 426
401 1010
401 1130
402 624
403 573
403 1195
403 1221
404 806
404 1441
405 448
406 1032
406 1084
406 1248
408 841
410 497
411 734
411 1016
411 1142
412 466
412 468
412 919
412 1086
413 419
413 489
413 1140
414 993
414 1197
414 1308
417 1014
418 1362
419 674
419 840
419 1446
420 1156
421 1248
422 955
422 1215
424 552
424 1004
424 1024
426 430
427 774
428 465
428 659
428 691
428 732
428 1302
428 1445
429 731
429 841
430 654
430 1118
430 1224
431 994
431 1388
432 655
434 731
434 810
434 1212
435 756
435 1188
438 861
438 1104
438 1219
439 802
439 924
439 1155
439 1413
440 1267
441 1003
441 1206
442 1314
443 1353
444 604
444 915
444 1415
444 1434
445 952
446 461
446 1193
447 645
447 1216
447 1306
448 984
449 571
450 456
450 1316
451 629
451 813
451 883
452 944
453 1247
453 1342
454 512
454 1326
455 796
455 803
455 805
456 724
456 1010
456 1205
457 559
458 1091
459 789
460 664
460 714
460 838
464 592
464 742
464 1286
465 1059
465 1185
465 1291
466 564
466 1109
468 738
468 1238
469 1435
471 931
471 1265
472 679
473 1331
474 486
474 1376
475 1138
475 1149
476 598
478 532
478 569
479 788
479 1231
479 1274
480 976
480 1352
481 884
481 1036
481 1278
482 693
484 951
486 1436
487 1320
488 612
488 1246
489 763
489 965
489 1274
489 1404
490 1150
490 1337
491 582
492 592
492 929
495 665
495 936
495 1063
496 643
496 1301
497 901
497 1113
498 590
498 805
498 1213
499 1103
499 1131
501 899
501 1416
502 1375
503 1119
504 763
505 788
509 625
509 764
509 1098
509 1273
511 798
512 845
512 1346
512 1391
513 826
513 879
513 1011
513 1443
514 799
514 958
515 883
515 977
515 1072
515 1118
516 819
517 619
517 1137
518 614
518 816
518 992
519 1318
520 834
520 1050
522 888
523 1135
523 1202
523 1306
524 539
524 628
524 1313
525 956
525 1134
529 554
529 640
529 1294
531 1057
535 662
537 581
537 616
539 1041
539 1339
540 1055
541 1303
541 1374
543 1159
543 1216
543 1330
544 548
544 706
544 903
546 856
546 1203
546 1257
547 575
547 1159
548 898
548 1040
548 1067
549 696
550 731
550 1140
550 1231
551 1061
552 557
554 819
554 1293
556 1182
557 580
558 682
561 1132
562 1402
564 1422
565 923
565 1442
566 685
566 926
566 1414
567 622
567 649
567 1176
568 662
568 1046
570 1426
571 849
572 825
572 1151
572 1307
573 804
575 923
575 1166
575 1216
576 701
579 1068
580 1065
581 1006
584 800
584 879
585 1301
586 801
586 1169
586 1370
587 820
587 1288
588 675
588 862
588 1264
589 825
589 855
589 1433
591 681
591 937
591 1337
592 768
592 860
592 1444
595 1049
596 1391
597 1300
598 665
598 1055
598 1317
599 1395
600 1195
600 1355
600 1426
601 868
601 1426
602 1232
602 1304
603 1153
603 1372
605 943
606 849
606 1036
606 1093
608 749
608 818
608 1200
608 1425
609 642
611 851
613 1391
614 950
615 909
615 1422
616 643
616 1216
617 810
619 1114
620 1285
621 1321
621 1397
624 1001
626 776
626 855
626 1285
629 1000
630 1288
632 767
632 1319
633 1399
634 1179
635 1075
635 1236
636 1027
636 1038
636 1042
640 917
640 1239
641 724
642 796
642 1138
643 1247
644 685
644 795
644 1118
646 759
646 1194
646 1210
647 926
647 1438
648 725
652 1029
652 1044
652 1087
652 1145
652 1296
653 1076
654 942
655 1311
656 894
657 693
658 912
658 1031
659 776
660 1372
661 772
661 862
661 1205
662 1199
663 670
663 1242
665 823
667 843
667 1334
669 1064
669 1084
670 1097
671 914
671 1152
672 737
672 1407
676 1375
677 695
679 1127
679 1364
679 1387
681 1116
681 1356
683 967
685 1009
686 837
686 1045
687 700
687 859
687 1022
687 1333
688 1090
689 1218
690 771
690 1184
690 1336
692 1154
692 1230
693 1155
693 1178
694 907
694 1209
698 1294
700 1095
701 794
701 884
701 1230
702 966
703 1221
704 816
704 881
704 949
705 1085
706 1417
708 1355
709 856
711 806
712 1263
713 738
713 963
714 877
715 1196
715 1445
716 735
716 749
716 1181
717 864
718 816
719 731
719 1326
721 1238
721 1398
723 1231
725 747
725 1290
726 924
726 1443
726 1448
727 1205
727 1322
729 1016
729 1062
729 1269
729 1443
731 984
731 1324
732 1241
734 1156
735 796
735 1306
736 1371
737 1099
738 1435
739 1176
740 1041
741 783
742 780
742 953
745 825
745 1409
745 1430
746 1260
747 772
747 798
748 899
748 1386
750 973
752 1071
753 1252
754 1297
754 1355
755 1332
756 760
757 956
763 803
764 1057
764 1067
764 1190
766 974
769 922
769 936
770 935
772 973
773 1147
773 1344
775 971
775 993
776 792
776 812
778 1146
778 1216
780 1099
782 1217
782 1230
783 1223
784 1012
786 876
786 1232
787 1113
788 796
788 1239
789 893
790 1142
791 1042
791 1417
792 1039
794 1092
795 938
796 982
797 876
797 899
797 957
797 1442
798 975
798 1159
799 876
799 1332
803 1002
804 1042
804 1107
805 1138
805 1205
806 1184
806 1337
807 934
808 1157
808 1423
810 1072
811 1069
812 1287
814 850
817 1019
817 1290
817 1337
819 1039
819 1042
819 1243
822 1425
825 912
825 1093
826 991
826 1057
826 1219
826 1438
828 911
828 1022
830 854
830 1434
833 1090
833 1147
833 1375
835 1341
837 1195
838 1095
840 857
841 896
842 1328
843 1201
844 946
844 1095
845 949
846 1310
847 1130
848 1233
848 1424
849 1067
851 1148
852 1092
853 1002
854 1397
854 1448
860 1392
861 1299
862 1081
863 1107
864 1104
865 1017
866 1327
867 896
867 902
868 1429
870 897
872 946
872 1166
872 1194
872 1254
876 1113
876 1316
877 1082
877 1407
879 963
880 1265
881 964
881 1081
881 1147
881 1262
881 1366
882 1038
882 1362
883 1058
883 1195
883 1239
884 1365
884 1410
885 1446
886 1271
887 1296
888 1139
888 1148
890 949
890 1381
891 1038
891 1189
893 1229
894 1224
895 1160
895 1293
897 1205
898 1298
902 1361
903 1150
907 1413
908 1238
909 1287
909 1296
909 1383
913 1169
914 1030
920 1215
921 932
921 1175
921 1273
922 1108
922 1128
926 1088
927 1349
928 1181
928 1339
929 1109
929 1148
929 1222
929 1311
930 1190
931 944
932 1252
937 1011
937 1318
942 1408
943 1368
943 1410
947 1354
949 1423
951 1269
952 1397
957 1075
957 1384
959 1336
962 988
963 1029
965 1158
965 1394
967 1075
969 1370
970 1167
971 1163
971 1391
973 1148
973 1305
974 1254
975 1002
975 1205
975 1207
976 1006
976 1294
979 1163
979 1217
981 1290
981 1389
984 1284
986 1103
986 1129
988 1375
989 1335
990 1192
990 1221
993 1045
993 1180
993 1350
995 1443
999 1056
1000 1041
1000 1169
1001 1054
1002 1291
1005 1434
1006 1136
1009 1085
1009 1255
1015 1029
1015 1325
1019 1248
1019 1369
1024 1053
1024 1211
1024 1384
1026 1179
1026 1388
1029 1275
1031 1121
1031 1299
1031 1443
1032 1059
1032 1250
1038 1140
1040 1236
1042 1205
1042 1257
1043 1326
1044 1358
1044 1430
1045 1207
1046 1304
1048 1334
1054 1190
1055 1423
1056 1232
1057 1074
1062 1239
1063 1227
1064 1181
1065 1138
1065 1425
1066 1188
1070 1144
1072 1163
1072 1249
1072 1340
1073 1168
1074 1195
1077 1127
1078 1365
1079 1299
1079 1325
1081 1376
1083 1253
1084 1124
1084 1127
1084 1229
1084 1238
1084 1349
1084 1411
1086 1192
1087 1412
1088 1307
1089 1138
1089 1185
1090 1194
1090 1241
1092 1228
1093 1206
1093 1430
1094 1387
1099 1439
1102 1301
1104 1118
1108 1245
1111 1309
1111 1354
1112 1387
1114 1163
1115 1245
1117 1389
1119 1187
1126 1220
1126 1245
1126 1341
1129 1407
1136 1255
1137 1161
1138 1174
1141 1201
1142 1344
1144 1158
1144 1392
1146 1216
1148 1351
1150 1260
1154 1290
1159 1339
1159 1405
1163 1333
1164 1205
1164 1335
1165 1330
1170 1285
1172 1289
1174 1212
1175 1363
1181 1332
1183 1201
1187 1263
1191 1405
1192 1278
1198 1406
1204 1407
1214 1438
1215 1298
1215 1304
1215 1387
1215 1416
1215 1445
1216 1329
1222 1251
1226 1366
1227 1275
1229 1235
1231 1364
1235 1426
1236 1444
1237 1326
1237 1350
1240 1357
1242 1389
1245 1249
1248 1335
1248 1349
1249 1399
1253 1300
1255 1337
1257 1380
1260 1376
1260 1389
1262 1401
1263 1383
1267 1342
1268 1401
1273 1330
1275 1316
1276 1350
1277 1360
1284 1296
1298 1351
1298 1412
1303 1407
1306 1415
1321 1394
1322 1372
1324 1395
1330 1427
1331 1364
1334 1442
1356 1419
1358 1439
1360 1371
1368 1407
1370 1407
1371 1426
1372 1408
1385 1445
1390 1426
1398 1430
1429 1441
