0 322
0 741
0 933
0 1095
1 627
1 1115
1 1119
1 1200
1 1348
1 1504
1 1594
2 72
2 96
2 496
2 1102
2 1449
2 1485
3 474
3 510
3 1011
3 1241
3 1309
3 1541
3 1692
4 628
4 1062
4 1211
4 1318
5 521
5 546
5 652
5 942
5 1406
5 1416
6 265
6 488
6 1170
7 395
7 866
7 1671
8 449
8 524
8 1157
8 1410
8 1689
9 843
9 1297
9 1444
10 268
10 396
10 441
10 616
10 1343
11 165
11 759
11 1182
11 1195
11 1321
11 1388
12 516
12 829
12 994
12 1034
12 1051
13 106
13 130
13 360
13 756
13 1628
14 375
14 875
14 877
14 1054
14 1186
14 1300
14 1362
14 1585
14 1586
15 1061
15 1267
15 1600
16 1018
16 1047
16 1479
17 316
17 992
17 1250
17 1328
17 1663
18 905
18 1237
18 1376
18 1576
19 1190
20 239
20 323
20 333
20 634
20 661
20 940
20 1066
20 1148
21 562
22 413
22 1283
22 1514
23 499
24 1223
24 1572
25 96
25 1031
25 1063
25 1187
25 1504
26 1188
27 148
27 394
27 403
27 1093
27 1171
28 852
28 1048
28 1226
29 238
29 958
29 1205
29 1585
30 455
30 713
30 1065
30 1093
30 1348
30 1510
31 214
31 470
32 66
32 598
32 1247
32 1349
33 1036
33 1255
34 758
34 1365
35 1001
35 1414
35 1429
36 180
36 362
36 409
36 1012
36 1617
37 96
37 618
38 956
38 967
38 1247
39 464
39 684
39 832
39 910
39 1369
40 335
40 1125
40 1282
41 500
41 706
41 725
41 763
41 967
41 1004
41 1647
42 581
42 710
42 1019
42 1213
43 158
43 283
44 149
44 395
44 1386
45 160
45 195
45 1192
45 1287
45 1482
45 1496
46 264
46 639
47 253
47 337
47 915
47 961
47 1148
47 1506
48 345
48 1259
48 1548
49 112
49 922
49 1336
49 1507
50 1080
51 255
51 774
52 428
52 1342
53 273
53 547
53 985
53 1096
54 714
55 184
55 775
55 961
56 282
56 813
57 467
58 233
58 634
58 723
58 1469
58 1687
59 237
59 1079
59 1530
60 838
60 1161
61 280
61 491
61 1569
62 527
62 685
62 1086
63 816
63 1205
63 1282
64 147
64 441
64 1205
65 188
65 397
65 414
65 593
65 728
65 732
65 1274
65 1416
66 520
66 614
66 830
66 955
66 1244
66 1673
67 815
68 978
69 442
69 712
69 993
69 1165
70 1565
71 279
71 840
71 1162
71 1464
71 1654
72 775
72 921
72 994
72 1294
73 125
73 1174
73 1201
73 1272
74 228
74 447
74 556
74 1385
74 1545
75 453
75 1635
76 202
76 411
76 997
76 1031
76 1505
77 955
77 1516
77 1678
78 401
79 542
79 895
79 926
79 1158
80 451
80 1310
80 1639
81 868
81 1314
82 175
82 192
82 415
82 579
82 585
82 639
82 1003
82 1189
82 1206
83 218
83 452
83 529
83 1146
83 1386
83 1590
84 1203
84 1570
84 1599
84 1643
85 177
85 547
85 746
85 1685
86 651
86 1022
86 1704
87 459
87 766
87 1333
87 1368
87 1402
88 212
88 555
88 1595
89 923
89 1189
90 632
90 797
90 1049
90 1406
90 1627
91 1098
91 1533
92 1120
92 1369
92 1437
93 255
93 1368
94 149
94 254
94 673
95 335
95 1132
95 1560
96 786
96 952
96 1384
96 1471
97 845
97 866
97 1647
98 401
98 600
98 648
98 1517
98 1540
98 1690
99 407
99 772
100 744
101 191
101 301
101 404
101 739
101 768
101 818
101 973
101 996
101 1593
101 1597
102 701
102 897
102 1460
104 312
104 943
104 961
104 1249
106 504
106 520
106 563
106 859
106 1400
107 614
107 945
107 975
107 1641
108 566
108 876
108 1424
109 642
109 698
109 906
109 939
109 1279
110 232
110 483
110 876
110 1246
111 717
111 1254
111 1522
112 1428
113 414
113 1133
113 1536
113 1710
114 335
114 346
114 459
114 1244
114 1275
115 566
115 1255
115 1463
115 1621
116 836
116 1006
116 1384
116 1444
116 1557
117 578
118 567
118 611
118 1060
119 147
119 570
119 1098
119 1665
120 345
120 548
120 1274
121 825
121 1349
122 127
122 249
122 832
122 882
123 359
123 572
123 743
123 871
124 1491
125 1673
126 364
127 181
127 367
127 1348
128 383
128 526
128 951
128 1391
128 1509
128 1546
129 637
129 733
129 854
129 1305
129 1682
130 628
130 804
130 960
130 1131
131 693
132 248
132 1052
132 1205
132 1648
133 1131
133 1593
134 951
135 1006
135 1711
136 291
136 319
136 411
136 606
136 738
136 739
136 763
136 916
136 937
137 293
137 1450
137 1702
139 202
139 231
139 341
139 418
139 429
139 1699
140 364
140 399
140 680
140 936
140 1016
140 1152
141 384
141 1242
143 1182
144 512
144 1123
144 1400
144 1441
145 678
145 974
145 1528
146 590
146 1235
146 1387
147 158
147 331
147 476
147 788
147 1054
147 1520
147 1712
148 774
148 1178
149 230
149 605
150 471
150 921
150 1548
151 637
151 896
151 903
151 906
151 1050
151 1112
151 1286
151 1505
151 1583
153 1053
153 1172
154 705
154 933
154 1712
155 666
155 1002
155 1384
156 187
156 1583
157 297
157 767
157 860
157 1131
157 1221
157 1234
157 1367
157 1609
158 218
158 666
158 1252
158 1291
158 1542
159 339
159 471
159 474
159 960
159 1702
160 813
160 848
160 859
160 974
160 1492
162 538
162 909
162 984
162 1380
163 548
163 989
163 1133
164 1003
164 1629
165 279
165 1455
166 477
166 1572
167 408
167 455
167 800
167 840
167 983
167 1407
168 614
168 620
168 1154
168 1189
169 1272
170 914
170 1215
170 1323
170 1557
171 388
171 1570
172 407
172 891
172 909
172 982
172 1316
172 1642
172 1644
173 202
173 524
173 1432
173 1579
174 1224
174 1397
175 388
175 468
175 859
175 1072
175 1076
175 1619
176 354
176 522
176 845
176 891
176 1226
176 1639
176 1690
177 982
177 1100
178 501
178 508
178 845
178 1050
178 1568
179 245
179 1603
180 738
180 765
180 894
181 426
181 862
181 1263
182 199
182 414
182 1182
183 1010
184 1173
185 722
185 1382
186 272
186 1142
187 1426
188 292
188 424
188 601
188 668
188 691
188 819
188 1296
189 671
190 669
190 1144
190 1344
191 403
191 1104
191 1359
191 1497
191 1602
192 343
192 346
192 741
192 804
192 923
192 1030
192 1185
192 1490
193 592
193 787
193 1062
193 1466
194 602
194 1107
194 1239
195 1644
196 273
196 882
197 1444
199 544
199 824
199 961
199 1207
199 1391
200 1156
200 1715
201 283
201 610
201 627
201 1613
202 498
202 510
202 1035
202 1657
203 740
203 1038
203 1041
203 1711
204 1080
204 1201
204 1220
205 1045
205 1144
206 438
206 1251
206 1624
207 1443
207 1686
208 663
208 1378
208 1461
208 1682
209 395
209 468
209 599
210 407
210 867
210 1120
211 226
211 1015
211 1687
211 1705
214 577
214 779
214 890
214 1261
214 1516
215 676
215 1030
216 501
216 659
216 1552
217 423
217 774
217 1084
218 1026
218 1121
219 278
220 322
220 1157
220 1296
220 1647
221 321
221 555
221 909
221 1114
221 1441
221 1543
221 1691
222 717
222 1400
223 400
223 958
223 1106
224 851
224 882
224 1372
225 232
225 639
226 256
226 303
226 826
226 1462
227 293
227 1146
227 1532
228 399
228 544
229 673
229 1369
230 282
230 792
231 336
231 690
232 296
232 555
232 1425
232 1449
232 1451
232 1477
233 1565
234 447
234 888
234 1145
234 1579
235 781
235 795
235 907
235 1127
235 1575
236 468
236 1704
237 340
237 1468
237 1568
238 276
238 1039
240 915
240 1199
240 1428
240 1502
240 1679
241 316
241 690
241 918
241 1006
241 1217
242 1195
242 1625
243 323
243 419
243 534
243 635
243 657
243 1070
243 1212
243 1417
244 414
244 898
244 930
244 1122
244 1272
245 958
245 1583
246 266
246 495
246 1117
247 1690
248 292
248 487
249 382
249 910
250 1487
251 673
251 905
251 969
251 1121
252 517
252 1453
252 1577
253 280
253 362
253 627
253 734
253 1024
254 285
254 479
254 1325
254 1584
255 525
255 611
256 1460
256 1544
258 1204
258 1610
258 1620
259 344
259 955
260 533
260 1368
260 1676
261 297
261 322
261 341
261 555
261 1661
262 527
262 847
262 969
262 1257
263 583
263 776
263 1640
264 300
264 570
265 401
265 1396
265 1615
266 329
266 692
267 527
267 1007
267 1167
267 1225
268 383
268 1111
268 1235
269 449
269 475
269 1520
269 1712
270 656
270 1309
270 1366
270 1474
270 1486
271 456
271 709
271 910
271 1164
271 1305
271 1545
271 1594
271 1673
272 648
272 704
272 970
273 289
273 707
273 1031
273 1204
273 1223
274 295
274 1544
274 1555
274 1597
274 1658
274 1699
275 341
275 614
275 962
275 1291
276 515
276 695
276 997
276 1618
277 854
278 1439
278 1629
279 374
279 419
279 442
279 759
279 786
279 1518
279 1537
279 1646
280 336
280 620
280 1463
281 674
281 1507
282 1529
283 459
283 581
283 1194
283 1372
284 383
284 445
284 664
284 1194
284 1282
284 1598
285 354
285 663
285 1113
285 1424
285 1491
286 308
286 341
286 1183
286 1353
287 978
288 845
289 444
289 558
289 1053
289 1116
289 1580
290 1333
291 1001
291 1033
292 633
292 820
292 1015
292 1197
292 1225
292 1509
293 621
293 1299
294 638
294 1635
295 680
295 1256
296 660
296 1136
296 1218
296 1401
297 324
298 1041
298 1391
298 1703
299 1353
300 729
300 1132
300 1371
300 1686
301 534
301 553
301 642
301 715
301 761
301 820
301 1626
302 1406
302 1647
303 543
303 863
303 1361
304 499
304 1207
304 1300
304 1554
304 1608
305 435
305 1585
306 1084
307 406
307 625
307 653
307 691
307 1429
308 1314
308 1428
309 631
309 1051
310 746
310 1178
310 1450
310 1585
311 981
312 607
312 987
312 1152
312 1387
313 437
313 531
313 892
314 654
314 1202
315 599
315 1114
315 1400
316 427
316 1093
317 350
317 1106
317 1464
317 1482
318 743
318 1413
318 1640
319 603
319 781
319 1461
320 814
320 1082
320 1417
320 1557
321 682
321 1707
322 388
322 1050
323 1102
323 1530
323 1633
324 382
324 422
324 640
324 1055
324 1132
324 1143
324 1695
325 849
325 1121
326 415
326 814
326 989
326 1043
326 1679
328 555
328 815
329 338
329 617
329 645
329 1264
330 416
331 420
332 675
332 720
332 791
332 1058
333 476
333 622
333 1653
334 409
334 1273
334 1499
335 944
335 1674
335 1702
336 1546
337 602
337 863
337 1227
337 1711
338 378
338 1033
338 1225
339 516
339 815
339 1457
339 1635
340 1034
340 1151
340 1575
341 933
341 1215
341 1268
341 1383
341 1554
342 575
342 606
342 676
342 867
342 871
342 931
342 1449
342 1499
343 976
343 1003
343 1342
343 1355
343 1637
345 520
345 544
345 1336
346 1331
346 1395
347 801
347 1141
348 674
349 351
349 506
349 804
349 987
349 1129
349 1226
349 1251
349 1273
349 1549
351 982
352 372
352 583
352 795
352 1090
352 1473
353 438
353 510
353 739
353 806
353 1562
354 448
354 454
354 1023
354 1196
354 1215
354 1587
354 1591
354 1675
355 897
355 1289
355 1352
356 915
356 1512
356 1518
356 1618
357 402
357 475
357 859
357 1625
357 1641
358 365
359 820
359 866
359 1153
359 1235
359 1510
359 1549
359 1584
360 623
360 696
360 948
360 1008
360 1017
361 409
361 1007
361 1286
361 1458
362 559
362 1212
362 1366
363 621
363 667
363 1032
363 1591
364 1541
365 697
365 912
365 957
365 1366
365 1437
366 689
366 784
366 912
367 797
367 935
367 1600
368 1010
369 946
369 966
370 720
370 801
370 1280
371 540
371 700
371 1066
371 1092
371 1339
372 566
372 656
372 662
372 709
372 1093
372 1571
373 871
373 976
375 592
375 965
375 1279
375 1360
376 386
376 404
376 1133
376 1365
376 1489
377 647
377 1112
377 1472
377 1686
378 1426
378 1588
378 1634
379 460
380 489
381 751
381 1147
381 1193
381 1479
382 848
382 1167
382 1188
382 1233
383 1379
383 1437
383 1567
383 1647
384 1080
386 626
386 660
386 713
386 736
386 991
386 1141
386 1324
387 995
387 1133
387 1392
387 1414
388 613
388 1506
388 1699
389 1203
389 1416
389 1433
389 1474
390 756
390 1297
390 1376
390 1615
391 537
391 1330
392 959
392 1542
392 1712
393 650
393 982
393 991
394 1264
395 921
396 637
396 831
396 851
397 1473
398 709
399 751
399 1218
399 1433
400 1287
400 1680
401 670
401 1010
401 1240
401 1565
402 719
402 1484
404 721
405 1489
406 431
406 571
406 1437
406 1542
407 961
407 1287
407 1301
408 762
408 1643
409 499
409 845
409 1328
411 1477
412 868
412 1493
412 1519
413 659
413 936
413 1070
413 1184
413 1288
413 1439
414 876
414 1108
414 1313
414 1401
415 860
416 499
416 638
416 1711
417 735
417 945
417 1335
418 677
418 851
418 1629
419 1367
420 528
420 553
420 1539
421 675
421 1472
421 1709
422 633
422 762
422 1029
423 1289
424 947
424 1084
424 1173
424 1594
425 717
425 1679
426 1379
426 1559
427 629
427 1579
427 1692
428 532
428 771
428 1138
429 469
429 761
429 1499
429 1547
430 607
430 741
430 752
431 913
431 1127
431 1560
432 715
432 792
432 916
432 958
432 1502
432 1564
433 469
433 511
433 1389
434 944
434 1042
434 1219
434 1304
434 1311
435 755
435 898
435 997
436 747
436 1402
437 847
437 885
437 892
438 947
438 956
438 1274
439 561
439 875
439 1494
440 641
440 664
440 801
441 1259
441 1374
441 1445
442 1190
443 502
443 1287
443 1345
444 560
444 1438
445 464
445 525
445 789
445 1267
446 886
446 1081
446 1188
446 1423
447 487
447 699
447 741
447 1184
447 1521
447 1607
447 1655
448 516
448 617
449 870
449 1073
449 1472
450 591
450 796
450 958
450 1279
450 1303
450 1420
451 1196
452 1193
453 470
453 968
454 883
454 1272
454 1333
454 1581
454 1647
455 1506
455 1612
456 596
456 1055
456 1181
456 1437
457 610
457 831
457 836
457 889
457 1082
457 1378
457 1544
457 1557
457 1591
457 1609
457 1711
458 706
459 757
459 839
459 1102
459 1105
459 1699
460 665
460 1182
461 726
462 949
462 1166
463 1509
464 618
464 1016
464 1506
465 763
465 1008
465 1132
465 1228
465 1461
465 1506
466 1301
467 736
467 877
467 960
467 1106
467 1456
467 1683
467 1705
468 1676
469 544
469 762
469 824
469 1202
469 1286
469 1354
469 1573
470 763
470 1286
471 806
472 1063
472 1356
473 1576
474 604
474 757
474 1379
475 594
475 1610
476 1156
477 933
478 1241
479 1366
479 1627
480 815
480 1199
481 1076
481 1431
481 1524
482 582
482 1623
483 503
483 591
483 924
483 1508
484 736
485 1400
485 1609
486 852
486 1138
486 1415
487 578
487 1265
488 1280
488 1283
488 1499
488 1643
489 499
489 712
489 1448
489 1715
490 614
491 916
491 1283
491 1663
493 712
493 771
493 1085
493 1486
494 542
494 1639
494 1713
495 1057
495 1715
496 917
496 1004
496 1422
496 1443
496 1619
497 1367
497 1607
498 902
498 1176
498 1260
498 1287
498 1296
498 1442
500 985
500 1111
500 1455
500 1665
501 1181
501 1588
502 646
502 1592
503 695
503 697
503 1172
503 1238
504 1185
504 1684
505 651
505 818
505 986
506 599
506 895
506 1157
506 1238
508 753
508 1256
509 1061
509 1187
509 1395
510 1006
510 1292
511 540
511 568
511 859
511 1063
511 1130
512 726
512 786
512 904
512 1715
513 691
514 663
514 812
514 835
514 1012
514 1129
515 689
515 1427
516 1111
517 707
517 778
518 1305
518 1519
518 1547
519 826
520 1186
522 1082
522 1598
523 938
523 957
523 1214
523 1431
523 1646
524 984
525 803
525 910
525 965
525 1165
525 1631
525 1673
526 609
526 643
526 709
526 873
527 637
527 1112
527 1236
527 1377
529 1589
530 621
531 989
531 1195
531 1438
532 637
532 812
532 1181
533 1525
534 702
534 1145
535 671
535 1329
536 669
536 1529
536 1575
537 567
537 584
537 1041
538 1502
539 779
539 788
539 845
539 1621
540 1152
540 1189
540 1480
541 1190
541 1195
541 1573
541 1690
542 546
542 723
543 938
544 1448
545 1358
545 1687
546 1073
546 1657
546 1688
547 721
547 863
547 1061
547 1095
548 851
548 1101
548 1134
548 1285
549 687
549 900
549 1397
550 1413
551 833
551 835
551 943
551 1457
552 1361
553 717
553 937
554 931
554 1679
555 725
555 930
556 965
556 1260
556 1489
557 727
557 1332
558 579
558 1706
559 918
560 838
560 985
560 1287
560 1451
561 1046
562 1408
563 1218
563 1570
564 1099
564 1461
565 834
565 1313
565 1403
565 1709
567 1169
567 1676
568 627
568 642
568 1226
569 673
569 835
569 1330
570 633
570 830
570 1550
571 1528
571 1561
572 771
573 1302
573 1522
573 1564
574 837
574 1078
574 1219
574 1292
575 576
575 782
576 703
576 1113
576 1188
577 744
577 753
578 694
578 812
578 1141
579 726
579 942
579 1151
579 1508
579 1645
579 1690
580 689
580 924
580 1419
581 846
581 950
582 747
582 863
582 975
583 677
584 1074
584 1662
585 1593
586 1052
588 626
589 1357
589 1508
590 1248
590 1669
591 1128
591 1141
591 1514
593 1201
593 1374
593 1595
594 878
594 921
594 925
594 1017
594 1689
596 607
596 713
596 809
596 881
596 1472
597 633
597 1660
598 1043
598 1688
599 1366
599 1380
602 613
602 929
602 1126
602 1274
602 1460
602 1602
603 1064
603 1289
604 1588
605 916
605 1150
605 1383
605 1460
605 1558
606 1596
607 747
608 625
608 755
608 1105
609 790
609 1114
609 1175
610 698
611 1099
612 994
612 1302
612 1519
613 777
614 1213
614 1557
615 1226
615 1256
615 1278
615 1462
615 1673
615 1685
616 1210
617 1308
617 1636
618 624
618 668
618 846
618 859
618 944
618 1120
618 1330
618 1332
618 1706
620 1505
621 628
622 854
622 1087
622 1239
622 1275
622 1586
623 923
623 1005
624 781
624 1555
625 797
625 1155
625 1186
625 1663
626 982
627 903
627 1340
628 963
628 1118
628 1419
629 1045
629 1195
629 1641
630 1081
630 1342
630 1454
631 658
631 1058
632 1122
632 1359
633 946
633 1355
633 1524
634 681
634 833
634 866
634 1390
635 994
636 748
636 780
636 867
636 1142
636 1381
637 945
637 1078
638 979
638 1389
639 766
639 1111
640 1705
641 753
641 891
642 867
642 1416
642 1506
643 649
643 1680
644 815
644 1119
645 705
645 963
645 1032
645 1073
645 1336
645 1390
646 1630
647 891
647 903
647 1051
647 1378
647 1638
648 1006
648 1392
649 818
649 937
650 748
651 1252
651 1502
651 1616
652 798
652 836
652 1473
652 1612
653 1205
653 1359
654 981
654 1017
654 1081
654 1436
655 1016
655 1260
655 1468
656 971
656 1089
657 699
657 1486
657 1553
658 848
658 1513
659 707
659 858
660 1447
660 1485
660 1547
660 1698
661 1421
661 1703
662 804
662 1380
663 675
663 821
663 1338
663 1546
664 702
664 1373
664 1540
665 891
665 1038
665 1331
665 1340
665 1409
666 754
667 1027
668 685
668 1113
669 1376
669 1573
670 1292
670 1637
670 1681
671 843
671 1235
671 1278
671 1301
671 1346
672 801
672 956
673 1026
673 1243
674 912
674 951
675 749
675 792
676 1591
678 950
679 1516
680 773
680 966
680 1204
680 1248
681 874
681 983
681 1335
683 733
683 971
683 992
684 1238
684 1708
685 1212
686 775
686 1260
687 1310
687 1433
688 1157
688 1259
689 746
689 853
689 1532
690 1001
690 1286
690 1667
691 1219
692 1149
692 1447
693 731
693 902
693 1489
693 1559
693 1599
694 744
694 858
694 941
696 1589
697 1002
697 1236
698 820
698 891
698 1316
698 1515
699 878
699 1218
700 707
700 1423
701 821
701 1408
702 1041
702 1479
703 815
703 1317
703 1523
704 827
704 1227
704 1340
705 950
705 1321
707 1383
708 833
708 1709
710 958
710 1329
710 1369
711 1115
712 872
712 939
712 1055
712 1176
712 1694
713 857
713 1102
714 1483
715 883
717 813
717 1395
718 746
718 1359
718 1625
719 850
719 1665
721 1084
721 1330
721 1635
722 1638
723 853
724 1338
725 994
725 1080
725 1320
725 1458
728 1016
728 1034
728 1326
728 1494
729 788
730 926
730 972
731 1266
734 1034
735 899
735 1109
735 1704
736 977
736 1086
736 1148
737 1505
738 1300
739 851
740 964
740 1164
740 1241
740 1410
740 1651
741 1065
742 1399
742 1582
743 911
743 1049
743 1226
743 1531
744 757
744 826
744 1523
745 748
745 959
745 1039
745 1644
746 1130
747 1145
747 1151
748 1279
748 1615
750 1076
750 1091
750 1490
751 1074
752 1056
752 1274
752 1499
753 1198
754 1150
755 1245
756 997
756 1261
757 1523
758 1127
758 1158
760 994
760 1033
760 1295
761 1551
762 1067
762 1447
763 999
764 839
764 1682
765 1435
765 1565
766 1583
767 818
767 851
767 1272
767 1586
768 827
768 1022
768 1183
768 1260
768 1268
768 1301
769 961
769 986
769 1576
770 815
770 1236
770 1475
772 1074
773 861
774 1179
774 1515
775 1164
775 1210
775 1402
776 1344
776 1469
777 940
777 1140
777 1281
777 1306
778 997
778 1482
778 1715
779 1224
781 1043
781 1230
781 1601
782 1325
782 1496
782 1539
783 786
783 801
783 1539
783 1559
784 1433
784 1675
785 1033
785 1081
785 1210
785 1235
786 1025
786 1135
786 1609
787 1440
788 1235
789 1036
789 1700
790 922
790 1088
790 1146
790 1485
791 1000
791 1251
792 1505
793 806
793 872
793 1244
793 1277
793 1305
793 1548
793 1607
794 1305
794 1530
795 984
795 1440
796 1008
796 1112
796 1141
796 1220
796 1476
796 1579
797 820
797 867
797 919
797 937
797 1175
797 1307
797 1441
797 1487
797 1500
798 1592
801 1172
801 1336
802 1160
802 1297
803 860
803 1041
803 1243
803 1287
804 1254
804 1376
804 1482
805 1323
805 1495
806 1056
806 1446
806 1495
807 1702
808 1269
808 1699
809 886
811 1361
813 1507
814 948
817 1599
818 929
820 1558
821 1336
821 1557
822 914
822 1265
822 1276
823 1116
823 1363
824 1001
824 1158
824 1294
824 1464
825 1129
825 1208
825 1653
826 994
826 1351
826 1691
827 1698
828 893
831 861
832 1121
832 1506
832 1704
833 1379
833 1684
835 1282
835 1285
835 1458
835 1646
836 1022
836 1150
836 1654
838 1624
839 1296
839 1309
839 1533
839 1659
840 1477
841 1222
841 1378
842 1134
842 1437
842 1654
843 1446
844 1214
844 1539
844 1691
845 1216
845 1426
846 905
846 946
846 985
846 1061
846 1095
846 1453
846 1679
847 1399
848 1297
848 1348
849 998
849 1062
849 1575
849 1669
849 1687
851 1601
852 1186
853 1470
854 1412
855 934
856 1203
856 1523
857 882
857 1144
857 1228
857 1339
859 887
859 1511
861 1274
864 924
864 1676
865 1430
866 918
866 1460
867 1332
867 1417
869 992
869 1390
869 1586
870 1362
870 1382
873 957
875 917
875 1492
876 1553
877 940
877 1081
877 1562
878 1249
879 993
879 1148
879 1237
880 1132
880 1447
881 886
881 1131
881 1183
883 1436
883 1440
884 1248
885 1427
885 1462
887 891
887 1464
887 1716
889 1096
889 1327
889 1476
889 1518
889 1618
891 1494
891 1632
892 1210
892 1239
892 1538
892 1569
892 1574
892 1629
893 927
893 1061
894 918
894 1651
896 1029
896 1473
897 1455
898 940
898 1204
898 1334
898 1431
899 1052
899 1696
900 1371
900 1672
901 1182
901 1229
902 1079
902 1320
902 1471
902 1473
903 1545
904 975
904 1009
904 1378
906 1271
906 1326
907 994
907 999
907 1500
908 926
908 1394
909 1145
909 1638
912 1259
912 1368
912 1408
912 1539
913 1338
914 1536
914 1681
915 946
915 1292
916 1353
916 1590
916 1689
917 1151
917 1221
918 1090
919 937
919 1219
919 1287
920 1042
920 1116
920 1257
920 1372
922 1497
923 1335
923 1407
923 1409
924 1152
924 1198
926 1274
927 949
928 1198
929 1572
929 1686
930 1431
930 1544
931 1712
933 1131
933 1156
934 1209
934 1697
936 1156
936 1435
937 1466
938 1638
939 1005
939 1115
939 1129
939 1612
941 1106
941 1427
942 1595
943 1146
943 1176
943 1284
943 1524
944 1263
946 1003
946 1204
946 1401
946 1659
947 1454
948 1068
948 1648
950 1056
951 1218
951 1511
952 1037
952 1145
952 1331
952 1552
954 1073
954 1533
955 1237
955 1245
955 1453
956 1057
956 1147
956 1517
956 1649
957 1242
958 976
959 1322
959 1671
961 982
962 1031
962 1190
963 1241
963 1504
963 1556
964 1078
965 1099
965 1226
966 1299
966 1313
967 1168
967 1204
967 1397
968 1416
969 1078
970 1262
970 1507
972 1512
974 1318
974 1630
975 1364
975 1384
975 1403
975 1456
977 1203
977 1492
977 1529
977 1558
977 1703
980 1017
980 1095
980 1329
980 1383
982 1165
982 1409
983 1653
985 1071
985 1261
985 1473
985 1483
985 1591
986 1128
987 1088
987 1281
991 1046
991 1064
991 1097
991 1637
992 1004
993 1078
993 1081
993 1427
993 1482
994 1352
995 1465
997 1262
998 1198
1000 1509
1000 1556
1000 1710
1001 1187
1001 1242
1002 1425
1004 1042
1004 1133
1004 1265
1005 1368
1005 1394
1006 1153
1006 1584
1006 1675
1006 1699
1007 1103
1007 1424
1008 1160
1009 1655
1010 1314
1012 1428
1013 1063
1014 1183
1014 1331
1015 1345
1016 1314
1017 1053
1017 1284
1019 1102
1019 1419
1020 1035
1020 1130
1020 1700
1021 1285
1023 1142
1023 1336
1023 1615
1023 1698
1025 1045
1025 1358
1025 1389
1025 1629
1026 1042
1026 1431
1026 1571
1027 1189
1029 1622
1029 1716
1031 1526
1031 1536
1031 1603
1032 1261
1032 1634
1033 1340
1033 1579
1033 1620
1034 1428
1034 1537
1035 1311
1035 1313
1035 1348
1037 1675
1038 1090
1040 1286
1040 1300
1042 1291
1042 1524
1043 1360
1044 1300
1044 1336
1045 1371
1046 1074
1047 1525
1047 1639
1049 1124
1049 1643
1050 1533
1050 1663
1051 1219
1052 1302
1052 1376
1053 1234
1053 1257
1053 1416
1054 1292
1055 1403
1055 1645
1057 1280
1057 1656
1058 1637
1060 1334
1061 1445
1061 1683
1062 1225
1062 1657
1063 1388
1064 1283
1064 1419
1065 1606
1066 1173
1066 1351
1067 1583
1068 1116
1069 1092
1069 1702
1069 1706
1070 1524
1071 1532
1074 1273
1075 1124
1076 1154
1076 1195
1077 1314
1077 1585
1078 1566
1078 1616
1080 1235
1080 1622
1081 1441
1081 1553
1082 1180
1082 1552
1084 1393
1085 1656
1086 1091
1086 1449
1087 1174
1088 1297
1088 1362
1089 1131
1089 1341
1090 1311
1090 1670
1091 1158
1091 1415
1091 1685
1092 1111
1092 1504
1094 1551
1094 1552
1095 1263
1097 1416
1097 1586
1098 1129
1099 1192
1099 1296
1099 1343
1101 1656
1102 1263
1103 1132
1103 1617
1104 1145
1104 1452
1104 1607
1105 1426
1106 1443
1106 1712
1107 1531
1108 1661
1109 1123
1109 1357
1109 1589
1110 1300
1112 1295
1112 1332
1113 1311
1113 1315
1113 1565
1115 1434
1116 1647
1117 1232
1118 1172
1118 1672
1119 1161
1119 1239
1119 1366
1119 1713
1121 1284
1126 1408
1128 1333
1128 1506
1128 1549
1132 1551
1133 1656
1134 1341
1134 1408
1134 1586
1136 1258
1136 1487
1137 1504
1138 1426
1138 1542
1138 1672
1140 1350
1142 1291
1142 1444
1143 1390
1143 1537
1143 1558
1145 1285
1146 1405
1146 1703
1147 1409
1147 1558
1151 1421
1151 1534
1154 1373
1155 1362
1155 1681
1156 1201
1156 1457
1156 1622
1156 1703
1158 1518
1159 1306
1160 1391
1162 1479
1163 1457
1163 1684
1164 1186
1164 1583
1164 1706
1165 1179
1166 1169
1166 1447
1167 1192
1169 1352
1169 1675
1170 1368
1170 1421
1171 1378
1173 1486
1174 1326
1174 1480
1174 1671
1176 1615
1177 1262
1177 1435
1178 1393
1178 1596
1181 1712
1182 1253
1182 1335
1182 1386
1182 1396
1183 1469
1183 1592
1183 1613
1184 1715
1185 1282
1186 1660
1188 1712
1189 1624
1190 1289
1191 1292
1191 1486
1194 1611
1197 1561
1198 1407
1200 1368
1200 1387
1200 1542
1201 1679
1202 1538
1204 1568
1204 1678
1205 1689
1206 1294
1207 1321
1207 1564
1207 1627
1208 1546
1208 1703
1209 1334
1209 1603
1210 1593
1210 1615
1212 1265
1212 1479
1212 1587
1212 1610
1215 1321
1215 1661
1216 1639
1219 1441
1219 1668
1220 1317
1220 1494
1221 1250
1221 1660
1221 1702
1222 1656
1223 1573
1224 1704
1225 1452
1226 1380
1226 1508
1226 1634
1227 1289
1227 1568
1228 1618
1230 1236
1230 1360
1232 1246
1233 1345
1233 1492
1234 1457
1234 1485
1235 1341
1236 1569
1236 1651
1238 1262
1239 1479
1241 1442
1241 1656
1242 1343
1244 1248
1247 1430
1247 1520
1248 1435
1248 1647
1249 1264
1249 1540
1250 1305
1251 1611
1252 1614
1253 1508
1256 1285
1256 1671
1258 1477
1258 1483
1258 1620
1259 1367
1259 1628
1261 1666
1262 1427
1263 1391
1265 1522
1266 1440
1267 1289
1267 1402
1272 1296
1272 1526
1272 1559
1274 1655
1275 1418
1276 1361
1276 1589
1277 1419
1283 1290
1283 1413
1284 1619
1285 1337
1285 1530
1286 1299
1286 1598
1290 1292
1293 1380
1294 1350
1295 1314
1295 1521
1295 1567
1295 1715
1296 1298
1296 1377
1296 1653
1297 1706
1299 1425
1302 1587
1302 1623
1302 1674
1304 1647
1307 1678
1307 1698
1308 1585
1309 1352
1309 1578
1310 1498
1310 1634
1311 1712
1312 1397
1314 1507
1315 1487
1316 1587
1317 1526
1318 1596
1320 1505
1321 1481
1321 1550
1321 1584
1324 1383
1327 1472
1327 1695
1329 1483
1333 1369
1335 1569
1339 1405
1340 1585
1342 1521
1343 1467
1343 1649
1344 1669
1350 1365
1353 1491
1353 1601
1354 1401
1358 1530
1360 1467
1361 1376
1366 1569
1366 1683
1370 1385
1374 1625
1376 1437
1376 1660
1378 1611
1378 1715
1381 1489
1381 1642
1383 1502
1384 1501
1385 1392
1385 1608
1388 1581
1389 1510
1391 1553
1392 1573
1394 1402
1394 1574
1394 1587
1398 1496
1398 1511
1405 1619
1406 1684
1407 1618
1411 1448
1416 1528
1417 1566
1419 1611
1419 1622
1420 1571
1420 1639
1424 1556
1424 1616
1425 1522
1425 1695
1430 1484
1431 1640
1431 1658
1434 1618
1436 1589
1437 1677
1438 1517
1441 1647
1442 1605
1442 1684
1447 1619
1447 1653
1450 1487
1453 1688
1455 1463
1455 1518
1457 1623
1457 1644
1459 1466
1462 1585
1464 1472
1467 1603
1467 1621
1473 1498
1477 1589
1478 1561
1478 1680
1479 1553
1480 1490
1482 1670
1487 1522
1491 1588
1491 1655
1495 1608
1497 1597
1499 1622
1502 1558
1503 1635
1508 1641
1516 1699
1517 1714
1519 1650
1523 1696
1525 1582
1525 1666
1531 1585
1531 1693
1532 1663
1534 1713
1537 1696
1539 1689
1541 1596
1541 1643
1545 1658
1554 1716
1556 1576
1556 1658
1569 1710
1571 1701
1573 1614
1574 1668
1575 1632
1576 1594
1582 1633
1584 1681
1585 1616
1588 1667
1596 1699
1601 1693
1604 1710
1606 1700
1607 1692
1612 1647
1612 1675
1613 1662
1614 1639
1614 1692
1614 1700
1616 1632
1617 1711
1621 1708
1631 1667
1636 1698
1637 1656
1640 1672
1643 1648
1643 1673
1644 1649
1647 1716
1662 1675
1698 1710
1706 1707
