0 1
0 2
0 1363
0 1077
0 1368
1 2
1 496
1 497
1 1358
1 1363
1 1364
2 1358
1077 100
1368 1358
1368 1539
1368 1545
1368 1547
1368 1548
496 498
1358 1367
3 4
3 5
3 6
3 8
3 16
3 17
3 18
3 19
3 422
3 30
3 31
3 32
3 33
3 42
3 47
3 63
3 931
4 5
4 29
4 30
4 49
4 111
4 124
4 125
4 129
4 315
4 906
5 29
5 1482
5 49
5 129
5 797
6 18
6 48
8 7
8 9
8 10
8 11
8 12
8 13
8 14
8 15
8 16
8 17
8 18
8 20
8 1668
8 28
8 38
8 794
8 79
8 80
8 81
8 82
8 83
8 84
8 85
8 86
8 1225
8 1226
16 7
16 9
16 11
16 13
16 18
16 20
16 29
16 55
16 69
16 72
16 78
16 99
16 100
16 104
16 109
16 145
16 1150
16 1375
17 9
17 10
17 18
17 20
17 38
17 78
17 99
17 100
17 101
17 1225
17 1226
18 36
18 37
18 42
18 47
18 48
19 36
422 65
422 118
422 137
422 138
422 139
422 140
422 217
422 367
422 983
422 1224
422 1260
422 1261
422 1263
422 1264
422 1266
30 29
30 372
30 49
30 124
30 125
30 129
30 134
30 1142
30 315
30 316
32 125
32 315
32 1453
33 29
33 49
33 125
33 315
42 1540
42 110
42 45
42 46
42 47
42 48
42 63
47 20
47 43
47 46
47 48
47 63
63 20
63 55
63 64
931 22
931 881
931 930
931 966
931 967
931 821
931 1072
931 1073
29 48
29 49
29 55
29 65
29 66
29 74
29 1373
29 119
29 123
29 124
29 126
29 1423
29 147
29 1655
29 149
29 150
29 788
29 1124
49 48
49 55
49 65
49 109
49 123
49 130
49 131
49 134
49 1020
49 1578
111 22
111 56
111 66
111 112
125 353
125 354
125 355
125 356
125 1626
129 762
129 45
129 65
129 128
129 137
129 141
315 1626
1482 55
1482 1465
1482 1493
1482 1499
1482 1501
1482 1502
1482 1485
1482 1475
7 69
7 142
7 146
7 181
7 1493
9 69
9 71
9 72
9 98
9 100
9 103
9 107
9 1140
9 142
9 146
9 181
9 356
9 1017
9 1050
9 1051
9 1078
9 1080
9 1081
9 1082
9 1083
9 1084
9 1085
9 1086
9 1088
9 1091
9 1092
9 1095
9 1098
9 1099
9 1100
9 1101
9 1102
9 1103
9 1147
9 1534
10 1325
10 69
10 103
10 1100
11 69
11 142
11 356
11 1083
11 1715
11 1098
11 1100
11 1101
11 1147
13 923
13 69
13 71
13 98
13 103
13 1462
13 108
13 142
13 146
13 181
13 1017
13 1078
13 1082
13 1083
13 1092
13 1098
13 1100
13 1101
13 1102
13 1513
13 1534
14 69
14 102
14 103
14 107
14 142
14 181
14 1082
14 1083
14 1092
14 996
14 568
14 1534
14 941
20 21
20 22
20 38
20 1097
20 55
20 56
20 57
20 59
20 65
1668 1666
1668 1667
28 23
28 1435
28 655
28 26
28 27
794 795
794 595
79 69
79 155
79 157
79 182
79 183
79 855
81 65
82 1613
84 134
85 187
1225 718
69 1018
69 71
69 72
69 73
69 98
69 100
69 101
69 105
69 106
69 142
69 143
69 144
69 145
69 686
69 160
69 181
69 182
69 356
69 364
69 920
69 921
69 1059
69 1061
69 1067
69 1076
69 1241
69 1092
69 1101
69 1102
69 1180
69 1295
142 100
142 101
142 104
142 144
146 100
146 104
146 983
146 749
146 503
146 867
146 944
146 1076
146 1124
146 1174
146 1150
181 100
181 99
181 145
181 156
181 157
181 478
181 1651
181 1250
71 99
71 100
71 1136
71 1137
72 98
72 118
72 367
72 1054
72 1067
72 1076
72 1179
72 1590
98 1057
98 100
98 224
98 235
98 636
98 637
98 1639
98 939
100 70
100 103
100 107
100 160
100 241
100 356
100 413
100 561
100 726
100 1016
100 1017
100 1018
100 1019
100 1020
100 1021
100 1022
100 1023
100 1050
100 1051
100 1078
100 1079
100 1080
100 1081
100 719
100 1083
100 1084
100 1085
100 1086
100 731
100 1088
100 1089
100 1090
100 1091
100 1092
100 1093
100 1094
100 1095
100 1096
100 1097
100 1098
100 1100
100 1101
100 1102
100 1103
100 1140
100 1147
100 1295
100 1534
100 1743
103 99
103 101
103 104
103 105
103 106
107 99
107 101
107 214
1140 1387
356 134
1050 160
1050 307
1050 1076
1050 1254
1082 104
1082 145
1083 373
1085 179
1098 99
1098 104
1098 145
1100 99
1100 104
1100 145
1100 1104
1101 145
1101 1104
1103 99
1103 104
1103 145
1534 101
1534 104
1534 105
1534 106
1534 143
1534 1535
1325 690
1325 1326
1715 179
1715 679
1715 906
1715 1710
1715 1714
1715 1719
923 852
1462 517
1462 1025
108 99
1513 1511
1513 1514
1513 1629
1513 1631
102 101
996 236
996 710
568 566
568 1108
55 22
55 56
55 58
55 61
55 62
55 65
78 748
78 773
104 748
109 65
145 1229
1150 54
1150 68
1150 1149
1150 1164
1150 857
1150 1722
1150 352
1375 969
1375 902
1375 1379
22 23
22 24
22 25
22 26
22 27
22 39
22 57
22 59
22 65
22 137
22 138
22 139
22 140
56 39
56 1237
56 1238
59 58
59 60
59 61
65 62
65 66
65 67
65 215
65 128
65 137
65 138
65 139
65 140
65 151
65 154
65 473
65 322
65 323
65 365
65 366
65 367
65 939
65 976
65 992
24 1657
24 1660
137 1415
137 139
137 140
137 365
138 139
138 140
138 365
138 317
139 140
139 365
140 365
1435 541
1435 292
1435 929
1435 927
1435 1405
1435 1406
1435 1434
1435 1438
1435 1440
1435 1442
1435 1444
1435 1445
1435 1446
655 654
66 714
74 77
123 454
123 455
123 1654
123 675
126 127
1423 1418
147 199
147 400
147 402
147 424
1655 110
1655 1654
149 150
149 461
372 371
134 353
134 355
1142 1141
1540 1539
110 89
110 91
110 92
110 409
64 114
130 131
130 429
1578 943
1578 1579
1578 1580
73 367
73 673
686 685
160 1223
182 155
182 157
182 156
182 183
182 245
182 366
182 367
182 640
182 888
182 893
182 908
182 475
364 327
1059 179
1059 461
1059 664
1059 1047
1059 1049
1059 1060
1059 1061
1059 1710
1059 1721
1067 908
1067 751
1067 1146
1067 1157
1067 1180
1067 1181
1067 1404
1067 1574
1067 1193
1067 1194
1067 1195
1067 1196
1067 196
1067 1198
1067 1199
1076 88
1241 430
1241 878
1241 1243
1136 70
1137 70
118 67
118 365
118 366
118 367
367 155
367 365
367 366
367 983
1179 1181
1179 1182
1179 1183
1179 1193
1179 1194
748 94
748 95
748 749
748 750
748 751
748 752
748 753
748 754
748 755
748 756
748 757
748 758
748 759
748 760
748 761
748 762
748 763
748 764
748 765
748 766
748 767
748 768
748 769
748 770
748 41
773 94
773 628
773 749
773 751
773 754
773 358
773 761
773 762
773 768
773 774
773 775
773 776
773 777
773 778
773 779
773 780
773 781
773 782
773 783
773 784
773 785
773 786
155 156
155 157
155 183
155 245
155 366
155 640
155 908
157 156
157 183
157 245
157 640
157 908
183 156
183 366
183 640
183 888
183 465
183 893
855 257
855 854
855 860
855 256
855 903
855 985
1613 1614
1613 1615
187 170
187 186
187 222
187 329
187 285
187 1336
187 1401
187 1402
1057 1055
1057 1056
224 223
224 53
636 35
636 1676
636 1677
637 35
1639 1638
241 242
241 246
241 411
241 412
241 681
241 973
241 983
241 1016
413 246
413 412
413 973
413 963
413 1016
413 281
561 244
726 772
726 940
719 524
719 548
719 454
719 455
719 720
719 721
719 722
719 723
719 724
719 725
719 1292
719 1293
731 730
214 215
214 216
353 357
1367 1547
1367 1548
1367 1725
1539 542
1539 1541
1539 1542
1539 1543
1539 1544
1539 1518
1545 1544
983 365
983 963
983 1206
983 1207
503 75
503 566
58 217
58 230
58 232
62 114
62 1323
156 908
156 640
156 888
156 891
156 893
156 918
478 477
478 482
478 483
1237 1238
60 805
67 68
67 151
67 322
67 323
215 284
151 1052
473 472
365 217
365 366
365 423
365 1003
365 1224
365 1260
365 1261
365 1262
365 1263
365 1264
365 1006
365 1266
366 245
366 642
366 738
366 739
366 893
366 918
366 919
992 34
992 198
1657 311
1657 1658
1657 1659
1657 1660
1657 1661
34 35
34 132
34 425
34 559
35 51
35 120
35 638
132 133
132 243
132 564
132 565
425 464
425 427
559 133
559 1673
559 427
559 578
559 601
559 602
559 603
559 604
51 50
51 52
51 53
51 113
51 1112
51 1168
50 52
50 53
50 54
50 68
50 121
50 122
50 1112
50 1010
50 1175
52 54
52 121
52 1112
52 1168
53 121
53 1112
1112 68
1112 121
1112 122
1112 1149
1112 1164
1112 1165
1112 1166
1112 1167
1168 68
1168 122
1168 1149
1168 1167
1168 1164
1168 1165
1168 1166
1168 1169
881 882
881 1319
821 692
821 280
821 969
821 1035
821 1039
821 1190
1072 1073
1072 1385
1072 1389
1072 1390
1072 1391
1072 1392
1073 909
1073 1735
1073 1385
1073 1386
1073 1389
1073 1390
1073 1391
1073 1392
40 1429
40 180
40 1298
40 1300
1429 541
1429 291
1429 929
1429 927
1429 1405
1429 1406
1429 1434
1429 1438
1429 1440
1429 1584
180 179
180 424
180 884
180 1040
180 1041
180 1204
180 1589
180 1678
180 1679
1298 1299
1298 1300
1298 1301
1298 698
1298 1303
1298 1304
1298 1310
1298 1313
1300 1296
1300 1299
1300 1301
1300 1302
1300 1303
1300 1304
1300 1305
1300 1306
1300 1307
1300 1309
1300 1311
54 1149
54 233
121 122
1010 685
1010 247
1010 1008
1010 1011
217 297
217 298
217 334
217 338
217 339
217 340
230 229
230 231
230 232
230 304
230 1234
232 229
232 231
114 115
114 116
1323 115
1323 1324
75 76
75 77
75 426
75 427
75 499
75 500
75 501
75 502
75 504
75 505
75 506
75 507
75 508
75 509
75 510
75 511
75 512
75 513
75 514
75 515
75 516
75 517
75 652
75 519
75 520
75 521
75 1117
75 523
75 524
75 525
75 526
75 527
75 528
75 529
75 530
75 531
75 532
75 533
75 534
76 77
76 535
77 243
77 317
77 426
77 536
77 1498
77 538
77 539
77 540
77 541
77 343
77 544
77 545
77 546
77 547
77 548
77 549
77 550
77 551
77 552
77 553
77 554
77 555
77 556
77 557
77 558
426 244
426 437
426 1460
426 587
426 594
426 605
426 609
426 614
426 991
426 1004
426 1388
427 244
427 566
427 587
427 593
427 594
427 605
427 1004
505 1303
508 1681
510 680
510 1662
517 934
517 1414
652 650
1117 1115
523 1474
535 1591
535 1563
243 244
1498 1502
1498 1497
541 292
541 293
541 1316
541 415
541 927
541 928
541 929
541 1405
541 1406
541 1428
541 863
541 1432
541 1434
541 1436
541 1438
541 1442
541 1444
541 660
343 280
343 344
343 345
343 346
546 660
550 583
87 88
87 286
87 428
286 287
286 288
286 321
286 1120
89 90
89 94
90 883
90 92
90 93
90 94
90 1440
90 97
90 1411
94 409
883 186
883 358
883 642
92 91
93 95
93 876
1440 293
1440 294
1440 929
1440 1432
1440 1433
1440 1434
1440 1436
1440 1437
1440 1438
97 96
1411 761
1411 1410
1411 1412
409 408
409 410
409 744
409 1046
409 1654
409 1656
409 1301
876 877
307 308
307 362
307 363
307 1223
115 326
117 1256
1256 1253
1256 1254
1256 1255
454 984
454 1622
455 783
455 984
455 1622
133 244
133 265
133 587
133 593
133 594
133 605
133 990
133 991
133 1004
564 599
564 1504
1415 1416
1415 1417
1229 203
1229 866
1229 869
1229 940
1229 941
1229 1025
1229 1122
1229 1402
1229 1451
1229 1453
1229 1455
1229 1456
1229 1468
1229 1472
1229 1478
1229 1485
1229 1493
1229 1499
1229 1501
1229 1502
199 200
199 264
199 746
199 747
199 761
199 849
199 1294
199 1369
400 401
400 1058
400 1583
400 1744
402 401
402 1058
402 1583
402 1744
424 833
1052 1387
1052 866
152 153
245 640
245 893
245 168
640 888
640 889
640 892
908 893
179 178
179 233
179 234
179 461
179 475
179 660
179 661
179 662
179 663
179 664
179 665
179 736
179 667
179 668
179 669
179 670
179 671
179 672
179 673
179 674
179 675
179 676
179 677
179 678
179 679
179 680
179 681
179 685
179 690
179 716
179 717
179 718
179 809
179 812
179 813
179 814
179 817
179 906
179 907
179 1669
179 949
179 950
179 951
179 952
179 953
179 954
179 1170
179 988
179 435
179 1049
179 1060
179 1138
179 1425
179 1426
179 1700
179 1710
179 1711
179 1712
179 1713
179 1714
179 1716
179 1717
179 1719
179 1720
179 1721
179 1723
179 1405
884 1502
1040 1418
1040 1619
1204 1053
1204 1595
1589 1678
1589 1047
1678 1679
888 889
888 890
888 891
888 892
888 893
465 464
170 168
170 186
170 1591
170 306
170 309
170 1046
170 1230
186 542
186 853
186 358
186 359
222 284
222 285
222 341
222 431
222 874
222 1013
222 1249
329 328
285 284
285 431
285 1617
285 1618
1402 203
1402 869
1402 940
1402 439
1402 1025
1402 1121
1402 1122
1402 1123
1402 1453
1402 1455
297 335
297 298
297 334
297 338
297 339
334 335
334 880
334 338
334 339
334 340
334 420
334 321
338 335
338 1517
338 340
339 340
340 289
223 948
231 304
304 303
304 305
244 562
244 563
321 320
464 466
1673 1672
578 587
578 594
578 566
578 599
578 596
601 1113
601 787
601 1328
601 1001
1676 308
1003 1002
1003 1030
1003 1588
1224 284
1006 228
1006 710
738 470
918 919
408 797
744 743
744 745
744 1671
437 433
437 434
437 435
437 436
1460 1025
1460 1453
1460 1455
587 576
587 584
587 588
587 589
587 590
587 591
587 592
587 669
594 595
605 606
605 607
605 608
609 610
609 163
609 612
609 613
614 592
614 615
614 616
614 617
614 618
614 619
614 620
614 621
614 622
614 623
614 624
614 625
614 626
614 627
991 730
566 570
566 567
566 569
566 571
566 572
566 573
566 574
566 575
566 576
566 577
566 579
566 580
566 446
566 582
1681 895
1681 1680
1681 1682
1681 1683
1681 1684
1681 1685
1681 1686
680 233
680 660
680 661
680 664
680 666
680 669
680 670
680 671
680 673
680 679
680 681
680 682
680 683
680 188
680 685
680 716
680 717
680 718
680 988
680 1048
680 1285
680 1710
680 1711
680 1714
680 1718
680 1720
680 1722
934 195
934 935
934 936
934 937
934 995
934 997
934 998
934 999
934 1381
1591 1593
292 690
292 291
292 927
292 1405
292 1406
292 1428
292 1433
292 1436
292 1439
292 443
292 1443
292 1445
292 1446
292 1447
292 1448
292 203
293 291
293 927
293 929
293 1405
293 1433
293 1434
293 1436
293 1439
293 1442
293 1443
293 1444
293 1445
1316 1315
415 246
415 1405
415 1434
415 1442
927 294
927 928
927 929
927 1405
927 1428
927 1430
927 1431
927 1432
927 606
927 1434
928 291
928 1439
928 891
928 1444
928 1447
928 1448
928 1450
929 291
929 651
929 1428
929 1433
929 1434
929 1436
929 1437
929 1439
929 1218
929 1443
929 1444
929 1445
929 1504
1405 291
1405 294
1405 1428
1405 1430
1405 381
1405 1432
1405 1433
1405 1434
1405 1436
1405 1437
1405 1438
1405 1441
1405 1443
1406 1428
1406 1430
1406 1434
1406 1445
1406 1446
1428 1558
1428 1438
1428 1445
1428 1446
1428 1437
863 862
1432 1434
1432 1439
1432 1442
1434 294
1434 1430
1434 1431
1434 1436
1434 1437
1434 1438
1434 1439
1434 1441
1434 1442
1436 1438
1436 1347
1436 1442
1436 1445
1436 1446
1438 291
1438 1433
1438 290
1438 1443
1438 1444
1438 1446
1438 1448
1438 1450
1442 1430
1442 1431
1442 1433
1444 192
542 1413
583 584
583 585
583 586
198 197
198 251
751 1158
751 850
751 1235
755 1453
628 263
628 349
628 629
628 630
628 631
628 632
628 633
628 634
628 635
628 1372
246 247
246 411
246 412
246 1722
246 963
411 963
411 972
411 973
412 963
412 972
412 973
681 233
681 660
681 661
681 666
681 669
681 673
681 679
681 1544
681 687
681 690
681 716
681 717
681 718
681 906
681 907
681 988
681 1710
681 1714
461 234
461 299
461 664
461 670
461 673
461 685
461 993
461 1048
461 1710
461 1713
461 1719
461 1724
664 233
664 660
664 661
664 666
664 673
664 679
664 690
664 718
664 988
1047 685
1047 911
1047 369
1047 1048
1047 1719
1047 1724
1047 1733
1049 660
1049 685
1049 690
1049 1048
1049 1060
1049 1371
1049 1712
1049 1718
1049 1724
1049 1733
1060 669
1060 679
1060 690
1060 718
1060 906
1060 907
1060 1714
1060 1721
1060 1724
1060 1733
1710 233
1710 660
1710 661
1710 666
1710 669
1710 673
1710 679
1710 685
1710 690
1710 716
1710 717
1710 718
1710 907
1710 988
1710 1712
1710 1714
1710 1716
1710 1723
1710 1732
1721 233
1721 660
1721 661
1721 666
1721 670
1721 679
1721 685
1721 717
1721 817
1721 816
1721 1718
1146 1144
1157 1158
1181 1549
1181 1550
1404 1703
1404 1403
1194 809
1194 1703
1194 1550
1194 1301
196 195
857 207
857 856
1722 906
352 350
1182 1604
1182 1605
1182 1606
1182 1607
1182 1608
1182 1609
1182 1610
357 254
1301 1302
1301 1306
1301 1305
1301 1307
1301 1308
1301 1309
1301 1311
1301 1314
698 697
698 1271
1303 1296
1303 1302
1303 732
1303 1306
1303 1307
1303 1309
1303 1311
1303 1312
1310 1306
1313 1302
1313 1306
1313 1309
1313 1312
1296 1297
1296 1302
1296 1306
1302 1305
1302 1306
1302 1311
1302 1312
1302 1314
1305 1308
1305 1311
1305 1312
1305 1314
1306 1307
1306 1308
1306 1309
1306 1311
1306 1312
1306 1314
1307 1309
1309 1311
1309 1312
1311 746
265 266
265 468
265 469
265 470
265 471
265 1370
265 1515
265 1584
266 468
266 979
470 814
584 596
588 1663
135 136
136 335
136 880
136 1333
136 1334
136 1335
335 1333
362 361
362 363
363 361
1058 491
891 889
891 892
889 892
892 253
158 159
161 162
161 163
161 164
161 165
162 219
219 195
219 218
219 467
219 662
219 935
219 1114
219 1346
219 1538
219 1565
219 1568
219 675
219 1570
219 1571
219 1572
219 1573
219 1330
219 1575
219 1576
195 228
195 236
195 1419
195 730
195 932
195 1028
218 368
218 1524
218 1577
467 1387
662 1036
935 236
935 1053
1114 1700
1346 236
1346 1053
1330 1328
311 310
311 1658
311 1659
166 167
168 1391
168 171
168 173
168 174
168 175
168 1611
1391 909
1391 1386
1391 1390
1391 1392
1391 1393
1391 1394
1391 1396
175 306
175 1161
1611 1612
309 281
309 283
309 650
309 1188
309 1189
309 1633
172 281
172 671
281 282
281 386
853 851
853 852
359 1036
283 442
650 651
650 653
1189 350
1633 1494
176 177
178 342
233 234
233 660
233 661
233 670
233 671
233 685
233 690
233 715
233 813
233 906
233 1172
233 1711
233 1713
233 1354
233 1716
233 1717
233 1719
233 1723
233 1729
234 661
234 666
234 669
234 673
234 690
234 691
234 716
234 718
475 474
475 679
660 666
660 670
660 671
660 673
660 1699
660 685
660 688
660 690
660 716
660 718
660 812
660 813
660 906
660 1713
660 1719
660 1720
660 1723
660 1731
661 666
661 670
661 671
661 673
661 679
661 685
661 690
661 716
661 717
661 718
661 812
661 813
661 906
661 907
661 988
661 1714
661 1720
661 1723
736 737
669 666
669 670
669 671
669 679
669 716
669 718
669 1197
669 911
669 1711
669 1713
669 1714
670 666
670 673
670 679
670 685
670 479
670 690
670 716
670 717
670 718
670 906
670 907
670 988
670 1714
670 1125
671 666
671 673
671 679
671 685
671 687
671 690
671 716
671 717
671 718
671 907
671 988
671 1729
673 679
673 685
673 687
673 690
673 715
673 813
673 906
673 907
673 911
673 1700
673 1714
673 1716
673 1717
673 1719
673 1720
673 1729
679 666
679 685
679 687
679 690
679 717
679 718
679 813
679 1398
679 817
679 906
679 911
679 949
679 988
679 1107
679 1700
679 1711
679 600
679 1713
679 1714
679 1716
679 1718
679 1719
679 1720
685 687
685 690
685 717
685 813
685 906
685 907
685 1723
685 1729
685 1730
690 666
690 716
690 971
690 813
690 814
690 816
690 817
690 911
690 1107
690 1446
690 1714
690 811
690 1716
690 1719
690 1720
716 715
716 813
716 906
716 1713
716 1714
716 1719
716 1720
717 715
717 626
717 911
717 1713
717 1714
717 1720
718 715
718 813
718 906
718 911
718 1700
718 1714
718 1719
718 1720
809 810
809 813
809 814
809 816
809 817
812 810
812 813
812 814
812 815
812 816
812 817
812 1712
813 687
813 906
813 907
813 1714
814 811
814 906
817 811
817 1714
906 666
906 632
906 1048
906 1700
906 1711
906 1712
906 875
906 1716
906 1717
906 1720
907 911
907 1711
907 1712
907 1717
907 1473
907 1720
1669 1670
1170 1171
988 911
988 1714
988 1720
435 432
1700 1433
1711 1714
1712 811
1712 1714
1712 1719
1713 666
1714 666
1714 816
1714 1048
1714 1716
1714 1718
1714 1720
1719 1730
1720 666
715 666
1172 1173
1354 1191
666 911
299 300
299 993
299 994
993 733
993 994
993 1148
993 1347
1699 1688
1699 1689
1699 1694
1699 1695
1699 1698
479 477
479 482
479 483
1398 1397
1718 1471
683 1254
188 189
188 193
188 194
1285 1282
1544 1541
1544 1546
971 970
816 811
1446 1433
1446 1439
1446 1445
1446 1448
811 810
811 815
875 874
875 1327
875 1627
1473 1468
1473 1493
1473 1499
1473 1502
1473 1485
1473 1504
1473 1496
184 1445
184 326
184 1202
1445 294
1445 1433
1445 1443
1445 1449
326 324
326 325
326 1688
326 331
326 1202
326 1203
326 1205
1202 325
1202 1203
1202 1205
324 325
325 1203
1688 1493
1688 1687
331 280
331 654
331 658
1203 1205
284 1160
341 989
431 1736
874 1013
1013 1014
1013 1015
189 190
189 191
189 192
189 710
228 227
228 1290
228 937
228 938
228 995
228 1007
228 1210
236 933
236 937
236 938
236 995
236 997
236 998
1419 1418
932 933
932 995
1028 208
227 1665
227 253
227 254
227 255
227 257
227 258
227 854
227 860
227 1221
937 710
938 710
938 1282
995 710
995 1005
995 1239
995 1240
995 1327
1007 1005
1007 1069
1210 1211
1210 1212
1210 1213
933 1623
997 710
998 710
710 709
710 936
710 1217
936 823
1217 1036
1381 1074
1381 1327
1381 1562
251 250
251 649
251 978
250 692
978 258
978 1246
201 202
203 204
203 205
203 864
203 865
203 866
203 869
203 940
203 941
203 1228
203 1451
203 1452
203 1453
203 1455
203 1468
203 1493
203 1502
864 865
864 940
864 948
865 866
865 940
866 439
866 869
866 940
866 1025
866 1121
866 1546
866 1123
866 1235
866 1451
866 1453
866 1454
866 1455
866 1456
866 1457
869 868
869 940
869 941
869 1024
869 1025
869 1121
869 1451
869 1453
869 1455
869 1458
940 439
940 941
940 948
940 1025
940 1026
940 1235
940 1236
940 1455
940 1468
940 1493
940 1499
940 1501
940 1502
941 439
941 948
941 1024
941 1025
941 1122
941 1123
941 847
941 1451
941 1453
1228 1025
1228 1235
1228 1453
1228 1455
1451 1025
1451 1236
1451 1455
1451 1458
1452 1025
1452 1121
1452 1455
1452 1493
1453 1025
1453 1121
1453 1122
1453 1123
1453 1454
1453 1456
1453 1458
1453 1461
1453 1478
1455 439
1455 1025
1455 1121
1455 1123
1455 1454
1455 1456
1455 1459
1455 917
1468 1026
1468 1466
1468 1469
1468 1470
1468 1471
1468 1472
1468 1474
1493 1024
1493 1026
1493 1121
1493 1122
1493 1123
1493 1236
1493 1456
1493 1457
1493 1459
1493 1469
1493 1470
1493 1471
1493 1474
1493 1477
1493 1481
1493 1486
1493 1487
1493 1489
1493 1490
1493 1492
1493 1495
1493 1646
1502 1026
1502 1235
1502 1236
1502 1465
1502 1466
1502 1470
1502 1471
1502 1474
1502 1478
1502 1486
1502 1443
1502 1490
1502 1491
1502 1492
1502 1495
1502 1503
439 1024
439 1025
439 1247
1025 1024
1025 1121
1025 1122
1025 1236
1025 860
1025 1456
1025 240
1025 1458
1025 1459
1546 1541
1235 1236
1235 1501
1454 629
868 870
868 871
1458 254
1236 1485
1236 1499
1236 1559
1499 1465
1499 1464
1499 1475
1499 1486
1499 1500
1501 1465
1501 1472
1501 1474
1501 1500
1122 237
847 845
847 846
206 207
856 858
856 901
208 209
208 210
208 211
208 212
208 213
208 1027
208 1029
209 1178
209 1344
210 1178
211 1178
211 1344
212 569
212 1344
213 1178
213 1344
216 1594
216 732
1517 1516
1053 1113
220 221
221 1074
221 1244
1074 1075
1074 1244
1244 1245
225 226
1665 1664
253 252
253 254
253 255
253 256
253 257
253 258
253 260
253 860
253 1221
253 850
254 252
254 255
254 256
254 257
254 259
254 260
254 854
254 903
254 1221
255 252
255 1315
255 257
255 258
255 259
255 260
255 903
255 1221
257 252
257 258
257 261
257 1221
258 252
258 256
258 1476
258 903
258 1221
1221 259
1221 260
1221 261
1221 262
252 256
252 259
252 260
252 261
252 262
252 1431
256 259
256 985
256 986
256 1581
261 421
903 986
1315 349
1476 1475
320 570
1282 1366
1282 1284
1282 1286
305 1687
237 238
237 239
238 240
240 1279
263 1704
1704 268
1704 629
1704 1703
1704 1728
349 350
349 1068
349 1070
349 1071
629 267
629 1703
629 974
629 1706
267 268
267 269
267 1703
267 651
268 270
1703 1705
1703 1706
1703 1707
1703 1708
1703 1709
974 975
271 272
271 273
272 273
274 275
277 278
277 279
277 280
278 462
278 1033
278 1034
279 969
279 1035
279 1039
279 1064
280 1037
462 463
969 802
1035 1037
1039 1037
1064 1065
1064 1066
1037 1038
463 537
802 799
802 1278
345 957
1190 1191
291 294
294 1267
294 295
294 1439
1433 850
1433 1439
443 444
443 445
443 446
443 447
443 448
443 450
295 296
733 732
733 912
733 1347
1347 395
1347 1348
301 302
310 792
310 793
312 313
318 319
319 1470
654 656
654 657
658 657
658 659
328 394
328 1233
394 395
394 396
394 397
394 398
394 399
332 333
336 337
957 958
347 348
350 351
350 1552
350 704
350 705
350 706
350 708
1552 1550
702 703
373 374
373 375
373 376
373 377
373 378
373 379
373 381
384 385
386 387
386 388
386 389
386 390
386 1742
387 391
387 392
387 393
388 391
389 391
390 391
390 392
390 393
1742 391
391 1741
403 404
403 405
403 406
403 407
407 1356
407 1357
407 1359
407 1360
407 1361
407 1362
416 417
417 492
417 494
417 495
417 646
417 1427
492 493
494 493
495 493
495 1337
646 644
646 647
1328 1329
1001 1000
418 419
418 438
567 804
572 1390
428 430
430 1242
429 1012
429 1075
429 1214
429 1215
429 1505
429 1506
429 1507
429 960
1505 1510
960 959
960 1595
1242 878
1242 1243
432 433
432 434
432 436
1247 1045
1247 1248
440 441
440 1465
1465 1463
1465 1466
1465 1467
445 449
451 452
720 1063
720 1345
1292 1293
1293 850
981 980
981 982
981 1418
1418 905
1418 1420
1418 1421
1418 1422
1418 1424
456 457
458 459
459 1647
477 480
477 481
480 1201
480 483
481 482
481 483
483 484
483 485
483 486
1201 1200
487 488
489 490
489 491
489 1222
490 491
491 699
491 700
491 701
491 1031
699 701
700 701
701 1279
1031 1032
804 805
804 807
804 808
1108 1109
596 597
596 598
805 806
807 1287
641 643
644 645
644 647
644 648
645 647
693 694
695 696
695 1125
1125 803
1125 1126
1125 1128
1125 1129
1125 1130
1125 1131
1125 1132
1125 1133
1271 1270
711 712
711 713
728 729
734 922
740 741
741 742
1158 1159
789 790
789 791
795 1638
1638 1640
1638 1641
1638 1642
1638 1643
1638 1644
1638 1645
796 797
797 818
797 831
798 799
798 1616
799 800
799 801
799 803
799 1278
1616 1257
1616 1258
801 862
801 1407
801 1627
801 1740
1627 1628
1287 965
1287 1288
1287 1737
964 965
965 1510
824 825
824 826
824 827
824 828
824 829
824 830
834 835
836 837
838 839
840 841
842 1318
1318 1317
843 848
844 845
845 846
850 1192
851 852
901 900
901 902
901 1162
872 1275
1275 1276
1275 1277
878 879
878 1376
878 1380
1376 1377
1376 1378
1380 1377
1380 1378
885 886
894 895
896 897
896 898
896 899
897 898
897 899
897 1735
898 899
899 1734
1735 1734
904 905
913 914
913 1537
914 1595
1537 1536
1595 1596
1595 1597
1595 1598
1595 1599
1595 1600
1595 1601
1595 1602
925 926
942 943
942 946
942 947
943 945
946 945
959 961
1036 1038
1385 909
1385 1386
1385 1389
1385 1390
1385 1392
1385 1394
1389 909
1389 1386
1390 909
1390 1386
1392 909
1392 1386
1392 1393
1392 1394
909 1386
1253 1255
1253 1259
1254 1127
1254 1257
1254 1258
1255 1127
1255 1257
1255 1258
1184 1185
1185 1186
1472 1471
1472 1477
1472 1481
1472 1488
1472 1496
1472 1497
1472 1504
1478 1480
1478 1488
1478 1497
1485 1486
1485 1487
1559 1558
1366 1365
1288 1338
1737 1738
1349 342
342 1350
342 1352
342 1353
1378 1725
1394 1393
1394 1395
1397 1399
1558 1557
1463 1464
1466 1464
1466 1475
1466 1504
1467 1475
1470 1504
1470 1477
1470 1481
1470 1488
1471 1504
1471 1483
1471 1579
1474 1477
1474 1481
1486 1503
1489 1488
1489 1497
1490 1504
1490 1488
1490 1497
1492 1488
1492 1497
1464 1259
1491 1488
1491 1497
1682 1646
1008 1009
1008 1011
1009 1011
1032 1227
1042 1043
1042 1044
1043 1045
1055 1056
1055 1341
1144 1143
1144 1145
1550 1551
1550 1553
1110 1111
1115 1116
1115 1118
1115 1119
1134 1135
1151 1152
1153 1154
1153 1155
1153 1156
1176 1177
1186 1187
1191 1355
1208 1209
1219 1220
1480 1479
1251 1252
1268 1269
1272 1273
1272 1274
1276 1277
1280 1281
1283 1338
1312 1314
1320 1321
1320 1322
1321 1523
1322 1523
1331 1332
1339 1340
1339 1341
1339 1342
1339 1343
1340 1343
1372 1374
1383 1384
1408 1409
1416 1417
1483 1484
1579 1580
1511 1512
1512 1514
1629 1630
1631 1630
1631 1632
1525 1526
1527 1528
1530 1531
1532 1533
1554 1555
1560 1561
1566 1567
1586 1587
1620 1621
1636 1637
1646 1648
1646 1649
1646 1650
1652 1653
1666 1667
1674 1675
1687 1689
1687 1690
1687 1691
1687 1692
1687 1693
1687 1694
1687 1695
1687 1696
1687 1697
1701 1702
1738 1739
