0 1
0 2
0 2820
1 1980
1 413
1 2305
2 6
2 100
2 138
2 178
2 300
2 2278
2 316
2 333
2 401
2 408
2 412
2 467
2 526
2 554
2 604
2 690
2 721
2 725
2 766
2 793
2 803
2 824
2 910
2 1006
2 1048
2 1058
2 1079
2 1127
2 1131
2 1200
2 1246
2 1252
2 1257
2 1289
2 1323
2 421
2 1362
2 1418
2 1503
2 1564
2 1565
2 1655
2 1727
2 1868
2 3389
2 2151
2 2173
2 2332
2 2401
2 2429
2 2470
2 2488
2 2607
2 1076
2 2744
2 270
2 2775
2 2795
2 2810
2 2811
2 2814
2 2816
2 2819
2 2820
2 2825
2 2315
2 2828
2 2829
2 2833
2 2843
2 2850
2 2852
2 2855
2 2856
2 2857
2 2858
2 2859
2 2860
2 970
2 2862
2 201
2 2864
2 2865
2 2866
2 2867
2 2869
2 2871
2 2872
2 2882
2 2896
2 2899
2 2904
2 2905
2 2910
2 3058
2 3207
2 3240
2 3256
2 3287
2 3293
2 3296
2 3328
2 3332
2 3333
2 1466
2 3345
2 3352
2 3353
2 3360
2 3361
2 3379
2 3380
2 3381
2 3388
2 3401
2 3409
2 3412
2 3418
2 3447
2 3454
2 3456
2 709
2 3459
2 3460
2 3467
2 3476
2 3477
2 3479
2 3480
2 3483
2 3486
2 3488
2 3491
2 3508
2820 6
2820 186
2820 178
2820 304
2820 401
2820 408
2820 412
2820 467
2820 526
2820 604
2820 690
2820 725
2820 766
2820 793
2820 803
2820 1914
2820 114
2820 116
2820 117
2820 132
2820 237
2820 305
2820 321
2820 464
2820 538
2820 587
2820 684
2820 756
2820 824
2820 910
2820 986
2820 2386
2820 1030
2820 1048
2820 1058
2820 1079
2820 1127
2820 1135
2820 1190
2820 1200
2820 1246
2820 424
2820 509
2820 1323
2820 1334
2820 1351
2820 1354
2820 1418
2820 1503
2820 1513
2820 1516
2820 1564
2820 1570
2820 1655
2820 1694
2820 1848
2820 1868
2820 1878
2820 1951
2820 2002
2820 3056
2820 2143
2820 2173
2820 2238
2820 2389
2820 2401
2820 2429
2820 2443
2820 2470
2820 2488
2820 2526
2820 1789
2820 2775
2820 2683
2820 2800
2820 2809
2820 2811
2820 2814
2820 2817
2820 2819
2820 2821
2820 2822
2820 2823
2820 2824
2820 2825
2820 2826
2820 2827
2820 2828
2820 2829
2820 2872
2820 2882
2820 2576
2820 2904
2820 2905
2820 2987
2820 3010
2820 3058
2820 1152
2820 3116
2820 3153
2820 3197
2820 3240
2820 1169
2820 3256
2820 153
2820 3262
2820 3263
2820 3266
2820 3273
2820 3275
2820 3292
2820 3295
2820 3298
2820 3301
2820 3302
2820 3203
2820 3311
2820 3314
2820 3315
2820 3316
2820 2542
2820 3320
2820 3332
2820 3333
2820 3339
2820 3343
2820 3353
2820 3357
2820 3359
2820 3360
2820 3361
2820 3071
2820 3365
2820 3366
2820 3368
2820 3369
2820 3378
2820 2489
2820 3389
2820 3391
2820 3395
2820 3396
2820 3397
2820 3406
2820 3412
2820 3419
2820 3424
2820 3425
2820 3429
2820 3432
2820 3435
2820 3438
2820 3439
2820 3443
2820 3446
2820 3447
2820 3449
2820 3452
2820 3454
2820 3460
2820 3461
2820 3463
2820 3467
2820 3468
2820 3477
2820 3479
2820 3483
2820 3488
2820 3489
2820 3490
2820 3491
2820 3494
2820 3496
2820 3498
2820 3506
2820 3508
1980 1952
413 2323
413 230
413 414
413 415
413 416
413 834
2305 34
2305 45
2305 304
2305 554
2305 789
2305 94
2305 98
2305 710
2305 118
2305 156
2305 1540
2305 199
2305 200
2305 269
2305 270
2305 3433
2305 308
2305 313
2305 314
2305 347
2305 356
2305 357
2305 371
2305 372
2305 377
2305 438
2305 440
2305 450
2305 468
2305 470
2305 471
2305 474
2305 479
2305 488
2305 496
2305 497
2305 512
2305 532
2305 547
2305 548
2305 552
2305 553
2305 559
2305 596
2305 626
2305 628
2305 3033
2305 446
2305 720
2305 751
2305 2648
2305 763
2305 1749
2305 770
2305 2457
2305 807
2305 816
2305 839
2305 875
2305 893
2305 922
2305 2866
2305 924
2305 944
2305 957
2305 971
2305 1009
2305 1014
2305 1031
2305 1034
2305 1035
2305 1036
2305 1038
2305 1039
2305 1059
2305 1108
2305 1124
2305 1140
2305 1144
2305 1146
2305 1183
2305 1184
2305 1322
2305 1330
2305 1332
2305 1347
2305 1353
2305 1357
2305 1375
2305 1389
2305 1493
2305 1531
2305 1624
2305 2573
2305 1683
2305 1687
2305 1703
2305 1704
2305 1713
2305 1719
2305 1745
2305 1754
2305 1778
2305 1790
2305 1794
2305 2936
2305 1959
2305 1976
2305 1978
2305 2005
2305 2040
2305 2070
2305 2074
2305 2105
2305 2106
2305 2118
2305 2120
2305 2121
2305 2136
2305 2137
2305 2151
2305 2157
2305 2175
2305 2298
2305 2306
2305 2307
2305 2308
2305 2309
2305 2310
2305 2311
2305 2312
2305 2313
2305 2314
2305 2315
2305 2316
2305 2317
2305 2318
2305 2319
2305 2320
2305 2321
2305 2322
2305 2323
2305 2324
2305 2538
2305 2326
2305 2327
2305 2328
2305 1715
2305 2330
2305 2331
2305 2332
2305 2333
2305 2334
2305 2335
2305 2336
2305 2337
2305 2338
2305 2339
2305 2340
2305 2341
2305 2342
2305 2343
2305 2344
2305 2345
2305 2346
2305 1898
2305 2348
2305 1606
2305 2350
2305 636
2305 2352
2305 2353
2305 2354
2305 2355
2305 2356
2305 2357
2305 2358
6 3
6 78
6 179
6 255
6 289
6 320
6 329
6 355
6 368
6 2140
6 409
6 412
6 420
6 491
6 494
6 507
6 558
6 584
6 611
6 652
6 675
6 788
6 885
6 949
6 977
6 981
6 1017
6 1029
6 1134
6 1149
6 1166
6 1205
6 1221
6 2811
6 1320
6 1156
6 1370
6 1414
6 1138
6 1039
6 1512
6 1536
6 1544
6 1551
6 1639
6 1640
6 1648
6 1680
6 2882
6 1875
6 1895
6 1904
6 1911
6 1951
6 1982
6 2031
6 2143
6 2400
6 2445
6 2552
6 1630
6 2598
6 2775
6 2852
6 2905
6 3256
6 3262
100 99
100 401
100 1517
100 2775
100 2852
138 9
138 401
138 1017
138 2775
138 2905
178 304
178 230
178 401
178 494
178 619
178 1154
178 2554
178 1179
178 1320
178 2775
178 2905
178 3262
178 3517
300 301
300 302
300 1337
300 304
300 305
300 306
300 307
300 308
300 309
300 310
300 311
300 312
300 1630
300 314
300 315
300 412
300 1017
300 2905
300 3262
2278 230
316 3184
316 318
316 319
333 334
333 2905
401 186
401 230
401 1255
401 403
401 404
401 405
401 406
401 407
401 408
401 409
401 410
401 411
401 412
401 467
401 604
401 690
401 725
401 766
401 793
401 803
401 824
401 910
401 1033
401 1048
401 1079
401 1190
401 1246
401 1252
401 1323
401 1354
401 1360
401 1362
401 1418
401 1468
401 1503
401 1545
401 1655
401 1868
401 1878
401 1988
401 2002
401 2594
401 2217
401 2256
401 2332
401 2401
401 2429
401 2470
401 2486
401 2775
401 1374
401 2795
401 2810
401 2827
401 2828
401 2830
401 3147
401 2867
401 2878
401 2890
401 247
401 2899
401 2904
401 2905
401 3058
401 3207
401 3240
401 369
401 3258
401 3262
401 3277
401 3278
401 3283
401 3284
401 3285
401 3286
401 190
401 3293
401 3332
401 3349
401 3353
401 3359
401 3360
401 3361
401 3375
401 3381
401 3382
401 3387
401 3389
401 3396
401 3398
401 3412
401 3441
401 3445
401 3447
401 3454
401 3456
401 3473
401 3475
401 3477
401 3479
401 3491
401 3492
401 3493
401 3498
401 3508
401 3509
408 412
408 1017
408 1200
408 1353
408 2775
408 2852
408 2905
408 3256
408 3262
412 467
412 690
412 2793
412 766
412 803
412 1048
412 1059
412 1079
412 1183
412 1246
412 1252
412 1354
412 1362
412 1418
412 1545
412 3279
412 1655
412 1868
412 2582
412 2151
412 2401
412 2429
412 2470
412 2488
412 2775
412 170
412 2810
412 2811
412 2817
412 2819
412 2823
412 2827
412 2828
412 2850
412 2868
412 2898
412 2899
412 2902
412 2904
412 2905
412 2906
412 2907
412 2908
412 2909
412 3058
412 3207
412 3240
412 3257
412 3359
412 3313
412 3375
412 3376
412 3466
412 3475
412 3477
412 3479
412 3484
467 2040
467 1666
467 2775
467 2852
467 2905
467 3256
467 3262
526 525
526 1017
526 1096
526 1257
526 1567
526 2603
526 2694
526 2775
526 2852
526 2905
526 3256
526 3262
526 365
554 45
554 304
554 61
554 79
554 554
554 195
554 202
554 208
554 246
554 261
554 308
554 400
554 407
554 438
554 444
554 473
554 485
554 1533
554 547
554 548
554 549
554 550
554 552
554 596
554 627
554 784
554 835
554 133
554 936
554 946
554 970
554 1036
554 1059
554 1144
554 1200
554 1330
554 1694
554 1353
554 1357
554 1398
554 1422
554 1425
554 1687
554 1703
554 1719
554 1738
554 1790
554 1815
554 1854
554 1952
554 1976
554 1978
554 1979
554 1993
554 2004
554 2005
554 2006
554 2007
554 2008
554 2009
554 2010
554 1649
554 2012
554 2013
554 2014
554 2015
554 2016
554 2017
554 2018
554 2019
554 2020
554 2021
554 2022
554 2023
554 2084
554 2660
604 603
604 1017
604 1821
604 2239
604 2775
604 3256
690 687
690 1017
690 2775
690 2905
690 3256
690 3262
721 355
721 716
721 1017
721 1866
721 2629
721 2806
721 2875
721 2891
721 2911
725 716
725 94
725 2852
725 2905
725 3256
725 3257
725 3262
766 716
766 951
766 1017
766 1257
766 1814
766 2905
766 3262
793 363
793 398
793 482
793 794
793 795
793 796
793 797
793 798
793 1017
793 2775
793 2852
793 3256
803 368
803 802
803 1655
803 2660
803 2775
803 2814
803 2852
803 2570
803 3256
803 3257
803 3262
824 189
824 418
824 825
824 826
824 1923
824 1927
824 2852
824 2905
824 3256
824 3257
824 1294
910 45
910 364
910 905
910 964
910 1017
910 1036
910 1257
910 2775
910 2905
910 3256
910 3262
1006 3482
1048 52
1048 1046
1048 1171
1048 1366
1048 2595
1048 707
1048 2852
1048 2905
1048 3256
1048 3257
1058 1017
1058 1029
1058 365
1058 1262
1058 2775
1058 2852
1058 3256
1079 1017
1079 294
1079 1080
1079 1081
1079 2775
1079 2852
1079 2905
1079 3256
1079 3262
1127 1017
1127 1122
1127 2411
1127 2775
1127 2852
1131 1017
1131 1132
1131 1133
1131 2775
1131 1336
1131 3262
1200 7
1200 90
1200 80
1200 87
1200 88
1200 1017
1200 174
1200 212
1200 251
1200 314
1200 340
1200 479
1200 497
1200 645
1200 688
1200 757
1200 809
1200 848
1200 1032
1200 1179
1200 224
1200 1257
1200 2727
1200 1321
1200 1322
1200 1323
1200 1324
1200 1325
1200 1326
1200 1327
1200 1328
1200 1329
1200 1330
1200 1331
1200 1332
1200 1333
1200 1334
1200 1335
1200 1336
1200 3245
1200 1338
1200 1339
1200 1340
1200 1341
1200 1342
1200 1343
1200 1344
1200 1345
1200 2852
1200 3256
1246 1017
1246 169
1246 174
1246 200
1246 221
1246 230
1246 2243
1246 486
1246 2467
1246 553
1246 530
1246 751
1246 754
1246 759
1246 1033
1246 1039
1246 1247
1246 1248
1246 3032
1246 2775
1246 2852
1246 2905
1246 3256
1246 3257
1246 3262
1252 48
1252 304
1252 1017
1252 1033
1252 1257
1252 1638
1252 2775
1252 2852
1252 2857
1252 2877
1252 2878
1252 2879
1252 2880
1252 2881
1252 2883
1252 2905
1252 3256
1252 3262
1257 17
1257 48
1257 484
1257 62
1257 981
1257 80
1257 83
1257 1104
1257 109
1257 110
1257 114
1257 161
1257 169
1257 819
1257 199
1257 222
1257 241
1257 245
1257 256
1257 259
1257 265
1257 268
1257 309
1257 321
1257 325
1257 331
1257 332
1257 362
1257 366
1257 388
1257 3180
1257 414
1257 456
1257 458
1257 479
1257 493
1257 502
1257 506
1257 531
1257 539
1257 545
1257 553
1257 573
1257 603
1257 608
1257 632
1257 657
1257 718
1257 734
1257 736
1257 745
1257 754
1257 756
1257 764
1257 801
1257 807
1257 816
1257 890
1257 894
1257 2880
1257 966
1257 971
1257 1011
1257 1055
1257 1056
1257 1158
1257 1182
1257 1183
1257 1229
1257 1255
1257 1266
1257 1275
1257 1282
1257 1311
1257 1313
1257 1320
1257 1322
1257 1344
1257 1348
1257 1351
1257 1362
1257 1364
1257 1378
1257 1387
1257 1477
1257 1483
1257 1509
1257 1515
1257 1537
1257 1545
1257 1554
1257 1570
1257 1621
1257 1685
1257 1710
1257 1760
1257 1816
1257 1847
1257 1900
1257 1921
1257 2144
1257 1961
1257 1947
1257 2051
1257 2053
1257 2097
1257 2110
1257 2121
1257 620
1257 2183
1257 2195
1257 2773
1257 1713
1257 2247
1257 2250
1257 2270
1257 2310
1257 2351
1257 2366
1257 2385
1257 2389
1257 2393
1257 1614
1257 2409
1257 2413
1257 2423
1257 3465
1257 2460
1257 2477
1257 2518
1257 810
1257 2533
1257 224
1257 1622
1257 2594
1257 2596
1257 2598
1257 2608
1257 2763
1257 344
1257 2646
1257 2648
1257 2653
1257 2656
1257 2672
1257 2676
1257 2699
1257 2737
1257 3130
1257 2769
1257 2795
1257 3253
1257 2809
1257 2812
1257 2813
1257 2818
1257 2825
1257 2830
1257 2840
1257 2847
1257 2851
1257 2852
1257 2853
1257 2872
1257 2884
1257 2888
1257 2892
1257 2907
1257 2914
1257 2916
1257 2917
1257 2918
1257 2919
1257 1283
1257 2921
1257 2922
1257 2923
1257 2924
1257 2925
1257 2926
1257 2927
1257 2928
1257 2929
1257 2930
1257 2931
1257 2932
1257 2933
1257 2885
1257 2935
1257 2936
1257 2937
1257 2938
1257 2940
1257 2941
1257 1460
1257 2943
1257 2944
1257 2945
1257 2946
1257 2947
1257 2948
1257 2949
1257 2950
1257 2951
1257 2952
1257 2953
1257 2954
1257 2955
1257 2956
1257 2957
1257 2958
1257 2959
1257 3174
1257 2961
1257 2962
1257 2963
1257 2964
1257 2965
1257 2966
1257 2967
1257 2968
1257 2969
1257 2970
1257 2971
1257 2972
1257 2973
1257 2974
1257 2975
1257 2976
1257 2977
1257 2978
1257 2979
1257 2980
1257 1540
1257 2982
1257 2983
1257 2984
1257 2985
1257 2986
1257 2987
1257 2988
1257 2989
1257 2990
1257 2991
1257 2992
1257 2993
1257 2994
1257 2995
1257 2996
1257 2997
1257 2998
1257 2999
1257 3000
1257 3001
1257 3002
1257 3003
1257 3004
1257 3005
1257 3007
1257 3008
1257 3009
1257 3010
1257 3011
1257 3012
1257 3013
1257 3014
1257 3015
1257 3016
1257 3017
1257 393
1257 3019
1257 3020
1257 3021
1257 600
1257 3023
1257 3024
1257 3025
1257 3026
1257 3027
1257 3028
1257 3029
1257 3030
1257 3031
1257 3032
1257 3033
1257 3034
1257 3035
1257 3036
1257 3037
1257 3038
1257 12
1257 3040
1257 3041
1257 3042
1257 3043
1257 3044
1257 3045
1257 3046
1257 3047
1257 3048
1257 3049
1257 3050
1257 1985
1257 3052
1257 3053
1257 3054
1257 3055
1257 3056
1257 3199
1257 3058
1257 3059
1257 3060
1257 3061
1257 3062
1257 3063
1257 3064
1257 3065
1257 3066
1257 3067
1257 3068
1257 3069
1257 3070
1257 3071
1257 3072
1257 3073
1257 3074
1257 3075
1257 3076
1257 3077
1257 3078
1257 3079
1257 3080
1257 3081
1257 3082
1257 3083
1257 3084
1257 3085
1257 3086
1257 3087
1257 3088
1257 3089
1257 3090
1257 3091
1257 3092
1257 3093
1257 95
1257 3095
1257 3096
1257 3097
1257 3098
1257 3099
1257 3100
1257 3101
1257 3102
1257 3103
1257 3104
1257 3105
1257 3106
1257 3107
1257 3108
1257 3109
1257 3110
1257 3111
1257 3112
1257 3113
1257 3114
1257 3115
1257 3116
1257 3117
1257 3119
1257 3120
1257 3260
1257 3122
1257 3123
1257 3124
1257 3125
1257 3126
1257 3127
1257 3128
1257 3129
1257 3131
1257 3132
1257 3133
1257 3134
1257 3135
1257 3136
1257 3137
1257 3138
1257 3139
1257 3140
1257 3141
1257 3142
1257 3143
1257 3144
1257 3145
1257 3146
1257 1199
1257 3148
1257 3149
1257 3150
1257 3151
1257 2236
1257 3153
1257 2727
1257 3155
1257 3156
1257 3157
1257 3158
1257 3159
1257 3160
1257 3161
1257 3162
1257 3163
1257 3164
1257 3165
1257 3166
1257 3167
1257 3168
1257 3169
1257 3170
1257 3171
1257 3172
1257 2374
1257 3175
1257 3176
1257 3177
1257 3178
1257 3179
1257 3181
1257 3182
1257 3183
1257 3184
1257 3185
1257 3186
1257 3187
1257 3188
1257 3189
1257 3190
1257 3191
1257 3192
1257 249
1257 3194
1257 3195
1257 2070
1257 3197
1257 3198
1257 3200
1257 3201
1257 446
1257 2039
1257 1556
1257 3205
1257 3206
1257 3207
1257 3208
1257 3209
1257 3210
1257 3211
1257 3212
1257 3214
1257 3215
1257 3216
1257 3217
1257 3218
1257 3219
1257 3220
1257 3221
1257 3222
1257 3223
1257 3224
1257 3225
1257 3226
1257 1766
1257 3228
1257 3229
1257 3230
1257 3231
1257 1291
1257 3233
1257 3234
1257 3235
1257 3236
1257 3237
1257 3238
1257 3239
1257 3240
1257 643
1257 3242
1257 3243
1257 3244
1257 3245
1257 3246
1257 3247
1257 3248
1257 3249
1257 3250
1257 3251
1257 3252
1257 3254
1257 20
1257 3262
1289 1104
1323 1017
1323 230
1323 468
1323 548
1323 2667
1323 2775
1323 1713
1323 3256
1323 3257
1323 3262
421 420
1362 1017
1362 1353
1362 1574
1362 1636
1362 3276
1362 2775
1362 2830
1362 2852
1362 2884
1362 2891
1362 2911
1418 1017
1418 875
1418 1183
1418 1360
1418 1419
1418 1420
1418 1421
1418 1422
1418 1423
1418 1424
1418 1425
1418 1866
1418 2775
1418 305
1418 2830
1418 2852
1418 2871
1418 2875
1418 2891
1418 2905
1418 2911
1418 3256
1418 3262
1503 1017
1503 2461
1503 545
1503 1504
1503 1505
1503 2098
1503 2388
1503 2775
1503 2852
1503 2905
1503 3262
1564 1563
1564 1567
1564 2775
1564 3256
1565 1563
1565 1116
1565 3257
1655 80
1655 1017
1655 174
1655 260
1655 457
1655 617
1655 693
1655 1394
1655 1656
1655 1657
1655 1658
1655 1659
1655 1660
1655 1361
1655 556
1655 2905
1655 3256
1655 3257
1655 3262
1727 915
1868 1666
1868 1867
1868 2775
1868 2905
1868 3256
1868 3262
1868 553
3389 2775
2151 2150
2151 2775
2151 2905
2151 3262
2173 1017
2173 103
2173 274
2173 349
2173 638
2173 848
2173 1159
2173 1385
2173 1632
2173 1694
2173 2174
2173 2175
2173 3282
2173 2507
2173 2178
2173 2775
2173 2852
2173 1312
2173 3257
2173 3262
2332 1017
2332 2775
2332 2905
2332 3256
2332 3262
2401 2400
2401 2775
2401 2905
2401 2640
2401 3262
2429 93
2429 1017
2429 848
2429 1360
2429 2320
2429 2430
2429 3040
2429 2536
2429 2775
2429 2891
2429 2905
2429 3256
2429 3262
2470 1017
2470 1666
2470 1819
2470 2852
2470 2905
2470 3262
2488 931
2488 2775
2488 2905
2488 3262
2607 1017
2607 1059
2607 2775
2607 2905
2607 3256
2607 3257
1076 1074
270 329
270 111
270 268
2775 409
2775 88
2775 89
2775 125
2775 1354
2775 1468
2775 1878
2775 1911
2775 1951
2775 132
2775 183
2775 230
2775 294
2775 305
2775 309
2775 321
2775 371
2775 379
2775 411
2775 415
2775 514
2775 587
2775 593
2775 618
2775 684
2775 742
2775 756
2775 984
2775 986
2775 1190
2775 1266
2775 1334
2775 1531
2775 1562
2775 1827
2775 1866
2775 1945
2775 1988
2775 2150
2775 2217
2775 2238
2775 2317
2775 2389
2775 2628
2775 2721
2775 2776
2775 2777
2775 2778
2775 2779
2775 2780
2775 2781
2775 2782
2775 2795
2775 2811
2775 2825
2775 2827
2775 2828
2775 3137
2775 144
2775 2872
2775 2874
2775 2884
2775 2887
2775 2899
2775 2900
2775 2904
2775 2905
2775 2987
2775 3010
2775 1301
2775 3058
2775 3100
2775 3111
2775 3153
2775 3171
2775 3207
2775 3240
2775 3258
2775 3263
2775 3265
2775 3479
2775 3270
2775 3282
2775 3287
2775 3289
2775 3290
2775 3293
2775 3295
2775 3300
2775 3307
2775 3308
2775 3310
2775 3311
2775 3312
2775 3313
2775 3316
2775 3317
2775 3318
2775 3323
2775 3324
2775 3326
2775 3327
2775 3330
2775 3333
2775 3338
2775 3347
2775 3494
2775 3355
2775 3359
2775 3360
2775 3361
2775 3362
2775 3363
2775 3370
2775 3372
2775 3373
2775 33
2775 3385
2775 3388
2775 3395
2775 3397
2775 3399
2775 3405
2775 3406
2775 3407
2775 3409
2775 3410
2775 3414
2775 3415
2775 3419
2775 3420
2775 3421
2775 3423
2775 3425
2775 3427
2775 3433
2775 3435
2775 3438
2775 3439
2775 3441
2775 3447
2775 3454
2775 3455
2775 3456
2775 3457
2775 3460
2775 3462
2775 3467
2775 3470
2775 3471
2775 3472
2775 3477
2775 3478
2775 3481
2775 2202
2775 3491
2775 3500
2775 3501
2775 3503
2775 3508
2795 37
2795 2629
2795 2852
2795 2891
2795 2911
2795 3256
2795 3262
2810 1360
2810 1866
2810 2806
2810 2884
2810 2891
2810 2911
2811 1360
2811 1866
2811 2629
2811 1654
2811 2830
2811 2850
2811 2855
2811 98
2811 2911
2811 3256
2811 3262
2814 2806
2814 2809
2814 564
2814 2851
2814 3262
2816 1029
2816 2806
2816 2911
2819 1360
2819 1866
2819 2629
2819 2806
2819 2830
2819 2850
2819 2855
2819 2871
2819 2891
2819 2911
2825 355
2825 1017
2825 2852
2825 2905
2825 3256
2825 3257
2828 1017
2828 2852
2828 2905
2828 3256
2828 3257
2828 3262
2829 1360
2829 2891
2829 2905
2829 2911
2829 3257
2829 3262
2833 2629
2843 1360
2843 2443
2843 2855
2843 2911
2850 1017
2850 2416
2850 2905
2850 3262
2852 304
2852 1354
2852 1878
2852 2827
2852 3316
2852 251
2852 294
2852 410
2852 516
2852 734
2852 1266
2852 1401
2852 1546
2852 1562
2852 1567
2852 1638
2852 1687
2852 1839
2852 1987
2852 2147
2852 2196
2852 2358
2852 2650
2852 2813
2852 2451
2852 2853
2852 2854
2852 2855
2852 2871
2852 2881
2852 2887
2852 2899
2852 2599
2852 2987
2852 3058
2852 3095
2852 3207
2852 3266
2852 3267
2852 3268
2852 3271
2852 1517
2852 3294
2852 3295
2852 3299
2852 3329
2852 3331
2852 3342
2852 3348
2852 3353
2852 3359
2852 3361
2852 3375
2852 3376
2852 1000
2852 2516
2852 3386
2852 3390
2852 1696
2852 3402
2852 3404
2852 3408
2852 3412
2852 3413
2852 2989
2852 3430
2852 3451
2852 3453
2852 3454
2852 3469
2852 3473
2852 3474
2852 3477
2852 3479
2852 3480
2852 3495
2852 3497
2852 3498
2855 1376
2855 2809
2855 2910
970 468
970 1567
970 1952
970 969
970 2483
2862 2882
201 193
2865 2911
2867 39
2869 1017
2869 1866
2869 2891
2871 355
2871 1351
2871 2338
2871 2817
2871 2849
2871 2872
2872 2891
2872 2911
2872 3256
2882 304
2882 508
2882 1033
2882 1641
2882 2879
2882 2883
2882 3256
2896 1017
2896 2891
2899 2891
2899 2905
2899 1009
2899 3257
2899 3262
2904 2891
2904 2905
2904 1983
2905 304
2905 1354
2905 1878
2905 1911
2905 1951
2905 114
2905 132
2905 305
2905 371
2905 516
2905 2061
2905 593
2905 684
2905 986
2905 1011
2905 1292
2905 1513
2905 1516
2905 1570
2905 1694
2905 1827
2905 1848
2905 1945
2905 2196
2905 2358
2905 2375
2905 2389
2905 2633
2905 1851
2905 2887
2905 2900
2905 2912
2905 2987
2905 3010
2905 3058
2905 3095
2905 3111
2905 3153
2905 3240
2905 3262
2905 3081
2905 3273
2905 3283
2905 3284
2905 3288
2905 3289
2905 3291
2905 3293
2905 3295
2905 3296
2905 2283
2905 3299
2905 3300
2905 3301
2905 3306
2905 3311
2905 3316
2905 3323
2905 3325
2905 3333
2905 3335
2905 3339
2905 3340
2905 3353
2905 3359
2905 558
2905 3361
2905 3362
2905 3365
2905 1669
2905 3371
2905 3374
2905 3379
2905 3387
2905 3395
2905 3397
2905 3408
2905 3412
2905 3416
2905 3418
2905 3419
2905 3420
2905 3424
2905 3425
2905 3428
2905 3435
2905 3436
2905 3437
2905 3438
2905 3449
2905 3454
2905 3455
2905 3462
2905 3467
2905 3474
2905 3476
2905 3477
2905 3488
2905 3491
2905 3502
2905 3505
2905 823
2905 3508
2910 1017
2910 3262
3058 3256
3058 3262
3058 430
3207 1017
3240 1017
3240 3256
3240 3262
3240 1952
3256 304
3256 1354
3256 2827
3256 630
3256 379
3256 410
3256 563
3256 965
3256 1190
3256 1299
3256 1482
3256 2260
3256 499
3256 2633
3256 2877
3256 3255
3256 3280
3256 3283
3256 2989
3256 3309
3256 3333
3256 3353
3256 677
3256 3360
3256 3361
3256 1465
3256 3397
3256 3400
3256 3412
3256 3447
3256 924
3256 3454
3256 3477
3256 3479
3256 3483
3256 3488
3256 3489
3256 3491
3256 3508
3256 3510
3287 1017
3332 3257
3332 3262
3333 1017
3333 3262
1466 1467
3353 1017
3353 3262
3360 3262
3361 1017
3361 3257
3361 3262
3380 30
3380 3262
3381 3262
3388 225
3388 3262
3412 1017
3412 3262
3447 1017
3447 3262
3454 1017
3456 1017
709 700
3460 3262
3479 3262
3483 3257
3483 3262
3488 3262
3491 3262
3508 3262
3 4
3 5
3 7
78 7
78 17
78 33
78 79
78 80
78 81
78 3498
78 83
78 84
78 85
78 86
78 87
78 88
78 89
78 90
78 91
78 92
78 93
78 94
78 95
78 96
179 180
179 181
179 182
179 183
255 256
255 257
255 258
255 259
255 944
289 67
289 188
289 286
289 493
289 1128
289 1895
289 2148
289 2769
289 2770
289 2771
289 2773
289 2774
320 321
320 322
320 323
320 324
320 3257
329 125
329 202
329 330
329 331
329 332
355 221
355 239
355 328
355 344
355 915
355 1105
355 1219
355 2624
355 2649
355 2650
355 544
355 2873
355 2874
368 169
368 280
368 330
368 366
368 856
368 944
368 1220
368 2317
368 2557
368 2558
368 2559
368 2888
368 2561
368 2562
2140 693
2140 428
2140 1104
409 61
409 321
409 542
409 920
409 1096
409 1767
409 1768
409 1769
409 1770
409 1771
420 128
420 244
420 294
420 422
420 423
420 424
420 425
420 426
420 427
420 428
420 944
491 488
494 85
494 2225
494 295
494 347
494 2577
494 2599
494 630
494 940
494 985
494 1009
494 1194
494 1247
494 1355
494 1485
494 1644
494 2189
494 2190
494 2191
494 2192
494 2193
494 2194
494 2195
494 2196
494 2197
494 2198
494 64
494 2200
494 2201
494 2202
494 2203
507 230
558 559
584 585
584 1428
611 1802
611 612
611 613
611 614
611 615
675 310
675 2481
675 301
675 321
675 1685
675 676
675 677
675 678
675 679
675 634
885 276
885 935
949 93
949 698
949 950
977 286
981 190
981 1666
981 294
981 321
981 427
981 496
981 528
981 539
981 833
981 982
981 983
981 984
981 985
981 986
981 1463
981 988
981 989
981 990
981 991
981 1360
981 2891
1017 304
1017 242
1017 371
1017 379
1017 483
1017 1016
1017 1299
1017 1468
1017 1822
1017 2002
1017 2393
1017 2785
1017 2827
1017 2506
1017 2891
1017 3259
1017 3260
1017 3277
1017 3279
1017 3303
1017 3321
1017 3322
1017 1043
1017 3350
1017 3387
1017 3400
1017 3422
1017 3434
1017 3455
1017 3475
1017 3493
1017 1616
1017 3509
1029 37
1029 789
1029 88
1029 106
1029 174
1029 1344
1029 251
1029 258
1029 347
1029 372
1029 374
1029 397
1029 466
1029 468
1029 471
1029 473
1029 547
1029 697
1029 718
1029 719
1029 720
1029 722
1029 737
1029 749
1029 756
1029 2435
1029 770
1029 771
1029 1030
1029 1031
1029 1032
1029 1033
1029 1034
1029 1035
1029 1036
1029 1037
1029 1038
1029 1039
1029 1040
1134 3257
1149 61
1149 613
1149 1150
1149 1151
1149 3385
1166 106
1166 251
1166 395
1166 1325
1166 565
1166 2432
1166 830
1166 1161
1166 1180
1166 1504
1166 2314
1166 2339
1166 2388
1166 2753
1166 2754
1166 2755
1205 746
1205 1206
1205 1207
1205 1208
1221 340
1221 350
1221 399
1221 516
1221 607
1221 1053
1221 1635
1221 2639
1320 542
1320 544
1320 1511
1320 1562
1156 294
1156 1157
1414 116
1414 1415
1414 1416
1414 1417
1138 596
1138 261
1039 872
1039 2084
1512 321
1512 431
1512 795
1512 2681
1512 1514
1512 1515
1512 1516
1512 1517
1512 1518
1512 1519
1536 348
1536 1120
1536 1178
1536 1537
1544 516
1544 613
1544 1120
1544 1511
1544 1545
1544 1546
1551 8
1551 42
1551 59
1551 204
1551 161
1551 203
1551 205
1551 236
1551 321
1551 570
1551 438
1551 514
1551 801
1551 1014
1551 1552
1551 2211
1551 1554
1551 1555
1551 1556
1551 1557
1551 1558
1551 1559
1640 7
1640 731
1640 1641
1640 1642
1640 1643
1640 1644
1640 1645
1640 1646
1640 1647
1640 2239
1648 103
1680 614
1680 1681
1895 188
1895 493
1895 1229
1895 1908
1895 1897
1895 2418
1895 1899
1895 2769
1895 2771
1895 2774
1895 3262
1904 7
1904 175
1904 1568
1904 468
1904 678
1904 732
1904 1645
1904 1905
1904 1906
1904 1907
1904 1908
1904 1909
1904 1910
1911 1912
1951 3262
1982 80
1982 328
1982 428
1982 613
1982 698
1982 1382
1982 1952
1982 2544
1982 2667
1982 2681
1982 2682
1982 2683
1982 2799
1982 2685
1982 2686
1982 2687
1982 2688
1982 2423
2143 128
2143 3257
2143 3262
2400 516
2400 538
2400 2402
2400 2403
2400 2404
2400 2405
2400 2406
2400 2407
2552 61
2552 80
2552 98
2552 548
2552 206
2552 457
2552 808
2552 818
2552 1546
2552 1679
2552 2051
2552 2553
2552 2554
2552 2555
2552 1477
1630 1629
2598 2599
3262 304
3262 88
3262 1135
3262 116
3262 1348
3262 1354
3262 1468
3262 1878
3262 2827
3262 117
3262 132
3262 237
3262 296
3262 342
3262 514
3262 516
3262 538
3262 1050
3262 1175
3262 1190
3262 1266
3262 1334
3262 1513
3262 1570
3262 1694
3262 1785
3262 1822
3262 1945
3262 2150
3262 2196
3262 44
3262 2389
3262 2633
3262 2714
3262 2766
3262 2800
3262 1604
3262 2987
3262 3010
3262 3015
3262 376
3262 3197
3262 3261
3262 3263
3262 3264
3262 3266
3262 3272
3262 3274
3262 3276
3262 3280
3262 3281
3262 3283
3262 3295
3262 3297
3262 3299
3262 3301
3262 3305
3262 3310
3262 3428
3262 3325
3262 3331
3262 733
3262 3339
3262 267
3262 3341
3262 2334
3262 3356
3262 3358
3262 3365
3262 3366
3262 3079
3262 3370
3262 3372
3262 3384
3262 3385
3262 3390
3262 3395
3262 3405
3262 3410
3262 3411
3262 3416
3262 3419
3262 3424
3262 3425
3262 3426
3262 3429
3262 3431
3262 3438
3262 3439
3262 3440
3262 3448
3262 3449
3262 3451
3262 3452
3262 3453
3262 3455
3262 3458
3262 3462
3262 3464
3262 3465
3262 3495
3262 3504
3262 3506
4 1428
5 1083
7 54
7 64
7 193
7 3185
7 416
7 455
7 505
7 534
7 621
7 1264
7 633
7 480
7 710
7 789
7 834
7 873
7 1104
7 1119
7 1135
7 1231
7 1298
7 1305
7 1317
7 1348
7 1408
7 1608
7 1623
7 2484
7 1861
7 1917
7 2168
7 2183
7 2235
7 2239
7 2366
7 2392
7 2393
7 2417
7 2526
7 2529
7 2563
7 2638
7 2667
7 1396
7 548
1428 195
1428 200
1428 230
1428 282
1428 288
1428 456
1428 466
1428 607
1428 625
1428 628
1428 737
1428 805
1428 816
1428 922
1428 937
1428 1304
1428 1336
1428 1429
1428 2959
1428 1431
1428 1432
1428 1433
1428 1434
1428 1435
1428 1436
1428 470
1428 1438
1428 1439
1428 1440
1428 1441
1428 1952
1083 98
1083 174
1083 2050
1083 2051
1083 2052
1083 2053
1083 2350
54 52
54 122
54 1907
54 2784
64 3136
64 212
64 715
64 1652
64 1653
193 111
193 194
193 195
193 2581
193 197
193 198
193 199
193 200
193 141
193 488
193 745
416 294
416 474
416 613
416 625
416 834
416 2762
416 2763
416 2764
455 174
455 1707
455 202
455 347
455 456
455 457
455 458
455 459
455 460
455 461
455 462
455 463
455 464
455 465
455 466
455 468
455 469
455 470
455 471
455 472
455 473
455 474
455 475
455 476
455 477
455 478
505 506
534 535
621 294
621 622
621 623
621 3481
621 625
621 626
621 627
621 1119
1264 1262
633 1394
480 484
480 348
480 485
480 486
480 481
480 482
480 483
480 487
480 2532
710 377
710 516
710 700
789 290
789 2082
789 465
789 472
789 1235
789 1046
789 1129
789 1153
789 2235
789 1236
789 1952
789 3223
789 2759
834 624
834 3509
834 1430
834 200
834 202
834 3406
834 836
873 1096
1119 1120
1119 1807
1135 1136
1135 2147
1135 1873
1135 3257
1231 1230
1231 2380
1231 2700
1298 125
1298 128
1298 174
1298 1299
1298 1300
1298 1301
1298 1302
1305 770
1305 1013
1305 1306
1305 1485
1305 1308
1317 103
1317 1561
1348 103
1348 127
1348 374
1348 474
1348 1349
1348 2408
1348 2354
1408 111
1408 436
1408 1409
1608 33
1608 50
1608 88
1608 236
1608 290
1608 1003
1608 1019
1608 1491
1608 1510
1608 1609
1608 1610
1608 1611
1608 1612
1608 1613
1608 3372
1608 1615
1608 1616
1608 1617
1608 1618
1608 1619
1608 1620
1608 1621
1608 1654
1623 468
1623 1624
1623 2738
1623 962
1623 1363
2484 77
2484 3237
1861 1862
1917 515
2183 295
2183 474
2183 2487
2235 87
2235 472
2235 547
2235 827
2235 1120
2235 2236
2235 2237
2235 2238
2235 2239
2239 80
2239 132
2239 194
2239 497
2239 553
2239 1163
2239 1327
2239 1366
2239 1613
2239 1751
2239 1929
2239 1962
2239 2157
2239 2380
2239 2632
2239 2633
2239 2634
2239 2635
2239 2636
2239 1694
2366 142
2366 125
2366 947
2366 2251
2366 1167
2366 2367
2366 2368
2366 2369
2366 2370
2366 2371
2393 944
2393 1072
2393 1822
2393 2394
2393 2395
2417 697
2417 2530
2526 2527
2529 200
2667 125
2667 314
2667 398
2667 661
2667 1719
2667 2668
2667 2669
1396 111
8 9
8 10
8 11
8 12
8 13
8 14
8 15
8 16
8 17
8 18
8 19
8 20
8 21
8 22
8 23
8 24
8 25
8 26
8 27
8 28
8 29
8 30
8 751
8 32
8 33
8 34
8 35
8 36
8 37
8 38
8 2622
8 40
8 41
8 42
8 43
8 44
8 45
8 484
8 1346
8 2627
9 39
9 45
9 48
9 137
9 139
9 160
9 141
9 142
9 143
9 1346
10 365
11 687
11 2419
12 44
12 111
12 1543
12 204
12 489
12 495
12 1202
12 2048
12 1934
12 2419
12 2789
14 45
17 44
17 203
17 225
17 542
17 548
17 1309
17 1738
17 2756
18 44
18 203
18 495
18 1202
18 1346
18 2627
18 2660
18 2785
18 230
20 344
20 3194
20 2639
21 44
21 2438
25 45
25 936
25 1026
25 3214
25 1923
25 370
25 2485
26 1318
27 230
28 468
29 951
29 1202
29 1666
29 1989
29 2084
30 39
30 48
30 90
30 348
30 605
30 1327
30 1524
30 1795
30 2771
30 1798
30 1799
30 1800
30 1801
30 1802
30 1803
30 1804
30 1805
30 1806
30 2583
30 2627
751 553
751 716
751 1952
751 756
751 1673
751 2164
32 34
32 39
32 42
32 783
32 861
32 951
33 295
33 3198
33 872
33 1239
34 37
34 495
34 1171
34 1353
34 1444
34 1573
34 2419
34 2627
34 715
34 2759
34 2785
35 1202
37 44
37 111
37 350
37 495
37 2338
37 693
37 1787
37 1907
37 1934
37 2131
37 2419
37 2785
37 2794
37 2796
38 203
38 225
38 739
38 1934
38 2411
38 2801
2622 2619
40 3257
42 44
42 203
42 225
42 350
42 693
42 1353
42 1934
42 2419
42 2627
43 548
43 1649
43 2520
43 2095
44 39
44 48
44 151
44 993
44 204
44 1202
44 1934
44 2697
44 2698
44 2615
44 111
45 111
45 116
45 174
45 198
45 247
45 347
45 370
45 464
45 466
45 469
45 472
45 473
45 485
45 528
45 547
45 553
45 586
45 891
45 985
45 1034
45 1036
45 1161
45 1183
45 522
45 1271
45 1346
45 1355
45 1360
45 1797
45 1854
45 1981
45 2017
45 2077
45 2084
45 2234
45 2547
45 2553
45 378
45 2747
45 2748
45 2749
45 2750
484 1664
484 1665
484 2447
484 2464
1346 48
1346 332
1346 438
1346 468
1346 922
1346 1347
2627 174
2627 347
2627 1028
2627 2628
2627 2629
39 97
39 203
39 225
39 3105
39 515
39 549
39 662
39 692
39 918
39 65
39 1202
39 1293
39 1388
39 1629
39 1849
39 1862
39 1934
39 1952
39 1989
39 3001
39 2438
39 2728
39 2737
48 46
48 49
48 97
48 286
48 393
48 417
48 434
48 498
48 542
48 568
48 656
48 896
48 942
48 961
48 1043
48 1105
48 1286
48 1813
48 1849
48 1873
48 719
48 1934
48 2025
48 2169
48 2461
48 2474
48 2600
48 2789
48 2801
139 230
139 490
139 1849
139 2639
160 151
142 1453
365 3078
365 466
365 607
365 1049
365 1050
365 1051
365 1052
365 1053
365 1054
365 1055
365 1056
365 1057
365 1059
365 1060
687 227
687 688
687 689
687 691
2419 347
2419 496
2419 2978
2419 1055
2419 1652
2419 2420
111 110
111 122
111 128
111 466
111 471
111 486
111 542
111 626
111 697
111 832
111 897
111 923
111 950
111 951
111 1038
111 1045
111 1096
111 1121
111 1129
111 1238
111 1349
111 1371
111 1372
111 1373
111 1374
111 1375
111 1376
111 1377
111 1379
111 1380
111 1381
111 1382
111 1383
111 1384
111 2474
111 1386
111 1387
111 1388
111 1389
111 1390
111 1391
111 1392
111 1393
111 1394
111 1395
111 1398
111 1399
111 1567
111 1781
111 1952
111 2032
111 2206
111 1331
111 2600
111 2639
111 2759
1543 1540
1543 1703
204 203
204 205
204 225
204 287
204 1934
204 2783
204 2785
204 527
489 488
495 496
495 497
1202 607
1202 1203
2048 2049
1934 225
1934 190
1934 205
1934 207
1934 208
1934 222
1934 2785
1934 2914
1934 2798
2789 3105
2789 1780
203 67
203 225
203 205
203 206
203 207
203 208
203 209
203 210
203 211
203 212
203 213
203 214
203 215
203 216
203 217
203 218
203 219
203 3070
203 221
203 1509
203 223
203 224
203 226
203 227
203 228
203 229
203 230
203 231
203 232
203 1742
203 65
203 235
203 236
203 1260
203 1865
203 2397
225 205
225 207
225 222
225 232
225 209
225 603
225 677
225 757
225 821
225 894
225 1223
225 1292
225 1849
225 1894
225 1928
225 1929
225 1930
225 1931
225 1933
225 1935
225 1936
225 1937
225 696
225 2660
542 90
542 80
542 155
542 177
542 247
542 301
542 337
542 388
542 466
542 536
542 677
542 887
542 1265
542 1331
542 1546
542 1730
542 1849
542 2012
542 2067
542 2091
542 2373
542 1342
542 2375
542 2376
542 2377
542 2378
542 2379
542 2380
542 2381
542 2382
542 2383
542 1922
542 2385
542 2386
542 2387
548 125
548 106
548 127
548 177
548 230
548 236
548 247
548 301
548 308
548 314
548 340
548 347
548 348
548 371
548 3466
548 822
548 377
548 386
548 456
548 473
548 546
548 547
548 550
548 1647
548 760
548 763
548 771
548 1053
548 1059
548 1180
548 1299
548 1344
548 1431
548 1534
548 1558
548 1719
548 1742
548 1790
548 1825
548 1844
548 1854
548 1855
548 3057
548 1859
548 1860
548 1945
548 1969
548 2064
548 2065
548 2066
548 2067
548 2068
548 2069
548 2070
548 2071
548 2072
548 2073
548 2074
548 2075
548 2076
548 2077
548 2078
548 2079
548 2080
548 2081
548 2082
548 2083
548 2084
548 2085
548 2086
548 2087
548 2088
548 2089
548 2090
548 1816
548 2092
548 2093
548 2094
548 2412
548 2619
548 2740
1309 1310
1738 1185
1738 1739
1738 294
1738 1741
1738 1952
2756 155
2756 388
2756 607
2756 2378
2756 2381
2756 2757
2756 2087
2660 79
2660 95
2660 1036
2660 1203
2660 189
2660 400
2660 449
2660 539
2660 592
2660 698
2660 1055
2660 1304
2660 3245
2660 1522
2660 1645
2660 1709
2660 1808
2660 1889
2660 2084
2660 2661
2660 2662
2660 2663
2785 125
2785 538
2785 311
2785 790
2785 1632
2785 2542
2785 2786
2785 3108
344 87
344 330
344 345
344 346
344 347
344 348
344 349
344 350
344 351
344 352
344 901
344 354
344 356
344 357
2639 400
2639 848
2639 899
2639 1228
2639 2640
2639 2641
2639 2642
2639 2643
2639 2644
2639 2645
2639 2646
2438 379
2438 398
2438 423
2438 877
2438 1933
2438 2439
2438 2440
2438 2441
2438 2442
2438 2619
936 174
936 118
936 147
936 937
936 938
936 2714
936 940
936 1681
1026 528
1026 547
1026 1027
1026 1028
1026 2804
1923 294
1923 330
1923 1924
1923 1925
1923 1926
1923 1927
370 106
370 1776
370 661
370 372
370 373
370 374
370 375
370 376
370 377
370 378
370 379
370 380
370 2654
2485 247
2485 596
2485 199
2485 2486
230 61
230 106
230 195
230 234
230 342
230 397
230 407
230 509
230 681
230 713
230 953
230 1179
230 1304
230 1318
230 1353
230 1599
230 1626
230 1638
230 1649
230 1814
230 1815
230 1855
230 1981
230 2084
230 2090
230 2124
230 2261
230 819
230 2263
230 2303
230 2265
230 2266
230 2267
230 2268
230 2269
230 2270
230 2271
230 2272
230 2273
230 2274
230 795
230 2276
230 2277
230 2279
230 2280
230 2282
230 2283
230 2284
230 2285
230 2286
230 2287
230 2359
230 2427
230 2472
230 3517
951 31
951 61
951 98
951 321
951 348
951 364
951 784
951 808
951 848
951 952
951 953
951 954
951 955
951 956
951 957
951 958
951 959
951 960
951 961
1666 1388
1666 2468
1666 2469
1666 2471
1989 310
1989 703
1989 1051
1989 1053
1989 3326
1989 1991
1989 1992
1989 1993
1989 1994
1989 1995
1989 1996
1989 1997
1989 1998
1989 1999
1989 2000
2084 94
2084 174
2084 872
2084 466
2084 473
2084 468
2084 613
2084 1036
2084 108
2084 471
2084 1653
2084 200
2084 2017
2084 2077
2084 251
2084 314
2084 338
2084 341
2084 357
2084 371
2084 377
2084 386
2084 2809
2084 456
2084 497
2084 552
2084 720
2084 749
2084 756
2084 760
2084 805
2084 816
2084 920
2084 922
2084 924
2084 937
2084 1014
2084 1035
2084 1059
2084 1144
2084 1184
2084 1322
2084 1330
2084 1342
2084 1347
2084 1363
2084 1375
2084 1657
2084 1411
2084 1435
2084 1626
2084 1713
2084 1768
2084 1815
2084 1855
2084 2005
2084 2085
2084 2090
2084 2106
2084 2107
2084 2108
2084 2109
2084 2110
2084 2111
2084 154
2084 2113
2084 2788
2084 2115
2084 2116
2084 2117
2084 2118
2084 2119
2084 2120
2084 2121
2084 2122
2084 2123
2084 2124
2084 2125
2084 2126
2084 2127
2084 2128
2084 1656
2084 2130
2084 2131
2084 2132
2084 2133
2084 2134
2084 2135
2084 2136
2084 2137
2084 2138
2084 2139
90 188
90 1921
348 1849
348 185
348 468
348 625
348 1867
348 1952
348 2630
605 468
605 603
1327 468
1327 578
1327 1952
2771 188
2771 493
2771 1828
2771 2772
2771 2773
2771 2774
2583 123
2583 343
2583 1960
2583 784
2583 2584
2583 181
2583 2586
2583 2587
2583 2588
2583 2589
31 1788
783 777
861 287
861 2535
295 73
295 293
295 493
295 826
295 1567
295 2182
872 186
872 175
872 200
872 314
872 364
872 386
872 471
872 757
872 922
872 1085
872 1106
872 1163
872 1183
872 1394
872 2118
872 2293
872 2294
872 2295
872 2296
872 1985
872 2298
872 2299
872 2300
872 2301
872 2302
872 2303
872 2304
1239 1240
1171 438
1171 782
1171 1130
1171 1172
1171 1173
1171 1174
1353 1354
1353 108
1353 145
1353 220
1353 805
1353 816
1353 959
1353 974
1353 1059
1353 1144
1353 1330
1353 1342
1353 1347
1353 1355
1353 1356
1353 1357
1353 1358
1353 1359
1353 1360
1353 1361
1353 1363
1353 1364
1444 169
1444 733
1444 1055
1444 1333
1444 1445
1444 1446
1444 1447
1444 1448
1444 1449
1573 1468
1573 442
1573 1375
2759 94
2759 469
2759 623
2759 1040
2759 1394
2759 1929
2759 2244
2759 2760
350 80
350 185
350 261
350 276
350 281
350 374
350 848
350 1092
350 1180
350 1203
350 1216
350 1217
350 1218
350 1219
350 1220
350 1222
350 1223
2338 2830
2338 2875
2338 2891
2338 2911
693 186
693 247
693 202
693 735
693 261
693 351
693 471
693 692
693 804
693 848
693 1040
693 1136
693 1161
693 1180
693 1181
693 1182
693 188
693 1184
693 1185
693 1186
693 2956
693 1189
693 1818
693 2602
1787 330
1907 347
1907 169
1907 1258
1907 2709
1907 2735
1907 2741
1907 2790
1907 2791
1907 2792
2131 2709
2796 472
739 716
739 1018
2411 954
97 98
97 2603
515 220
515 226
515 517
515 518
515 519
549 550
549 551
549 552
549 553
549 555
662 205
662 274
662 277
662 292
662 663
662 664
692 388
692 694
692 695
692 620
692 697
692 698
918 3257
65 52
1293 946
1388 301
1388 1513
1388 1522
1388 1667
1388 2098
1629 1631
1629 1615
1849 61
1849 205
1849 207
1849 222
1849 224
1849 232
1849 236
1849 247
1849 347
1849 386
1849 388
1849 392
1849 528
1849 547
1849 697
1849 722
1849 899
1849 1027
1849 1028
1849 1087
1849 1130
1849 1159
1849 1567
1849 1719
1849 448
1849 1825
1849 1850
1849 1851
1849 1852
1849 1853
1849 3202
1849 1855
1849 964
1849 1857
1849 1858
1849 1859
1849 1860
1849 1116
1862 990
1862 1679
1952 304
1952 53
1952 63
1952 68
1952 122
1952 174
1952 247
1952 466
1952 473
1952 553
1952 195
1952 202
1952 261
1952 269
1952 308
1952 1321
1952 364
1952 372
1952 384
1952 386
1952 438
1952 457
1952 465
1952 475
1952 516
1952 2011
1952 816
1952 870
1952 874
1952 875
1952 876
1952 1014
1952 1033
1952 1130
1952 1179
1952 1186
1952 1318
1952 1398
1952 1449
1952 1441
1952 1857
1952 1953
1952 1954
1952 1955
1952 499
1952 1957
1952 1958
1952 1437
1952 1025
1952 1961
1952 1962
1952 1963
1952 1964
1952 1965
1952 1966
1952 1967
1952 1968
1952 3173
1952 1970
1952 1971
1952 1972
1952 1973
1952 1974
1952 1975
1952 1976
1952 1977
1952 1978
1952 1979
1952 1981
1952 1983
1952 1984
1952 1985
1952 1986
1952 3257
2728 247
2728 263
2728 384
2728 1303
2728 1645
2728 1960
2728 1963
2728 2730
2728 2731
2728 2732
2728 2733
2737 562
2737 1315
2737 1612
3257 304
3257 1468
3257 2827
3257 3337
3257 114
3257 538
3257 745
3257 342
3257 237
3257 379
3257 388
3257 516
3257 563
3257 1190
3257 1266
3257 1513
3257 1437
3257 1694
3257 1945
3257 2217
3257 2238
3257 2721
3257 2764
3257 2800
3257 2877
3257 2887
3257 2912
3257 2987
3257 3263
3257 3266
3257 3269
3257 3295
3257 3299
3257 3302
3257 3311
3257 3315
3257 3325
3257 3334
3257 3344
3257 3346
3257 3350
3257 3356
3257 3357
3257 3365
3257 3383
3257 3392
3257 3393
3257 3394
3257 3395
3257 3403
3257 3419
3257 3429
3257 3439
3257 3442
3257 3444
3257 3451
3257 3462
3257 3481
3257 3482
3257 3487
3257 3498
3257 3506
3257 3509
1649 352
1649 122
1649 1650
1649 1651
1649 1900
2520 330
2520 1631
2095 1336
151 2199
151 153
151 154
151 155
151 156
151 157
151 158
151 159
151 161
151 162
151 163
151 164
151 165
151 166
151 167
151 168
151 169
151 170
151 171
993 428
993 994
2615 2477
2615 2595
116 1225
116 538
116 2997
116 2454
174 1817
174 268
174 468
174 1965
174 716
174 1818
174 2252
174 2290
247 242
247 468
247 700
347 768
347 934
347 3463
347 1464
347 1638
347 1818
347 1876
347 2446
472 880
472 913
472 1011
472 1161
472 1742
472 2206
472 3472
472 2541
485 995
485 1844
485 1947
485 1948
485 2142
528 211
528 525
528 1962
528 3490
528 2603
547 1807
547 546
547 716
547 826
553 561
553 641
553 1742
553 2463
891 892
891 893
891 894
891 895
985 264
985 2034
985 2224
1034 1814
1036 1413
1036 3404
1036 2458
1161 1162
1161 1163
1161 1164
1161 1165
1183 2891
522 520
1271 1267
1271 1634
1355 1638
1360 437
1360 756
1360 1033
1360 1059
1360 1374
1360 2416
1360 2690
1360 2808
1360 2817
1360 2844
1360 2845
1360 2846
1360 2847
1360 2848
1360 1071
1797 1940
2077 1410
2234 2233
2547 2546
378 468
378 716
46 47
46 639
49 50
49 130
286 288
286 290
498 499
656 654
896 182
896 897
896 898
896 899
942 899
942 917
961 2587
1105 825
1105 889
1105 1106
1286 899
1813 1394
1873 98
1873 607
1873 947
1873 1874
719 716
2461 2462
2474 825
2474 2475
2474 2476
2600 208
2600 3080
52 53
52 55
52 57
52 58
52 166
52 60
52 61
52 62
52 63
52 66
52 67
52 68
52 69
52 70
52 71
52 72
52 3482
122 125
122 123
122 124
122 126
122 1684
122 128
122 129
122 130
122 745
122 2373
212 1046
212 1301
212 2690
79 520
80 133
80 242
80 436
80 2372
80 1311
80 2685
80 2153
80 2206
80 2619
80 2714
85 2240
85 1757
87 2243
88 716
88 2252
88 2701
88 200
93 1567
94 2096
95 1757
95 1826
95 1371
186 184
186 185
186 1633
186 2751
184 185
184 187
185 187
185 808
185 809
185 810
185 2751
1633 125
2751 187
2751 2752
490 438
490 488
2323 2672
1453 1454
1453 1455
1453 1456
304 243
304 260
304 1318
304 1340
304 1900
304 3466
304 2911
619 618
619 1144
619 3517
1154 1155
1179 1567
181 1052
181 1818
181 1826
182 3282
183 418
183 514
183 802
183 819
183 3201
183 1247
183 1461
183 1915
183 2096
183 2182
195 923
195 1567
195 1413
195 2961
2581 2582
199 1540
200 716
200 1638
200 934
200 1876
200 518
200 1018
200 1224
200 2252
200 2611
488 294
488 189
488 493
488 492
488 1492
745 716
745 1532
745 483
1337 125
1337 1839
1337 1840
1337 1710
308 716
309 1406
309 3321
311 1023
314 1059
314 1318
314 1473
314 2032
243 242
243 596
243 628
243 629
243 630
260 261
1318 468
1318 202
1318 428
1318 1059
1318 1296
1340 596
1900 1650
2911 294
2911 437
2911 456
2911 1545
2911 1730
2911 1866
2911 2002
2911 2817
2911 2898
2911 1030
2911 2424
2911 2808
2911 2834
2911 2848
2911 2849
2911 2853
2911 2854
2911 2876
2911 2888
2911 2889
2911 2897
2911 2901
2911 2903
2911 2912
2911 2913
2911 2914
2911 2915
319 863
1255 894
1255 641
1255 1256
1255 1258
1255 1259
1255 1260
1255 1261
403 188
404 1876
406 2368
1033 2806
1190 1192
1190 1191
1190 2567
1190 1194
1190 1195
1468 66
1468 321
1468 632
1468 1240
1468 1469
1468 1470
1468 1471
1468 1472
1545 1122
1545 2891
1878 1876
1988 1016
1988 1987
1988 2673
2002 2001
2594 917
2594 2595
2217 1865
2256 2253
2827 2891
2827 1888
2830 2817
2890 2891
369 366
3283 1567
190 188
190 273
2793 125
1059 1844
1059 2458
1059 2629
2817 2806
2817 2875
2817 2884
2817 2891
2823 1866
2898 2891
2902 2891
2908 629
2040 2039
2040 2102
2040 2651
525 128
525 527
525 2891
1096 1097
1096 1098
1096 1099
1096 1100
1096 1101
1096 1102
1096 1103
1567 128
1567 132
1567 167
1567 208
1567 623
1567 290
1567 707
1567 815
1567 1084
1567 1097
1567 1099
1567 1102
1567 1342
1567 1358
1567 1431
1567 2792
1567 1563
1567 231
1567 1857
1567 2007
1567 2099
1567 2312
1567 2464
1567 2489
1567 2491
1567 2838
1567 2493
1567 2494
1567 2495
1567 2497
1567 2498
1567 2499
1567 2500
1567 2121
1567 2502
1567 2503
1567 2504
1567 2505
1567 2506
1567 2507
1567 2508
1567 2509
1567 2510
1567 2511
1567 2512
1567 2513
1567 2514
1567 2515
1567 2516
1567 2517
1567 2518
1567 2519
2603 2141
2603 1674
2603 2604
2603 2605
2694 328
2694 860
2694 2327
2694 897
2694 1099
2694 2696
61 3504
61 468
61 1457
61 1867
202 1807
202 1266
202 1818
202 1940
202 2206
208 479
208 2558
208 2675
246 242
246 700
261 915
261 1922
261 2032
400 1865
400 399
400 1554
400 1762
400 2161
400 2458
400 2740
438 436
438 1139
438 1754
438 1871
438 2032
438 2039
438 2150
444 242
444 436
444 1279
552 1153
596 128
596 538
596 1139
596 1267
596 2723
627 624
627 2130
784 777
133 134
133 135
133 136
946 945
1144 1638
1144 1139
1144 1153
1144 1540
1144 2458
1144 2740
1330 2740
1398 2574
1425 2670
1687 468
1687 2884
1703 468
1703 641
1703 2054
1703 2055
1703 2228
1719 468
1790 1789
1790 2657
1815 1814
2004 2206
2005 1182
258 468
258 975
259 2545
944 2096
944 943
944 2108
944 2630
944 2702
944 2767
944 2768
603 290
603 1399
603 607
603 608
603 609
603 3083
603 1261
1821 440
1821 1818
1821 2703
1821 2704
1821 2705
1821 2706
716 468
716 106
716 110
716 169
716 372
716 374
716 397
716 459
716 471
716 585
716 632
716 705
716 717
716 718
716 720
716 722
716 723
716 724
716 726
716 727
716 728
716 729
716 730
716 731
716 1113
716 733
716 734
716 735
716 736
716 737
716 738
716 740
716 741
716 742
716 743
716 744
716 746
716 747
716 748
716 749
716 750
716 752
716 753
716 754
716 755
716 2314
716 757
716 758
716 759
716 760
716 761
716 762
716 763
716 764
716 765
716 767
716 768
716 769
716 1381
716 771
716 772
1866 1351
1866 1482
1866 1030
1866 2834
1866 2851
1866 1164
1866 2870
2629 915
2629 826
2629 1030
2629 1856
2629 2050
2629 2831
2629 2832
2629 2834
2629 2835
2629 2836
2629 2837
2629 2838
2629 2839
2629 2840
2629 2841
2629 2842
2806 2690
2806 2807
2806 2808
2806 2809
2806 2812
2806 2813
2806 2815
2806 2818
2875 2849
2875 2876
2891 321
2891 437
2891 732
2891 756
2891 1351
2891 1410
2891 1030
2891 1401
2891 2424
2891 2808
2891 2809
2891 2813
2891 2818
2891 2824
2891 2834
2891 2849
2891 1199
2891 2853
2891 2876
2891 2881
2891 2886
2891 2892
2891 2893
2891 2894
2891 2895
2891 2897
2891 2900
2891 2380
1814 282
1814 328
1814 457
1814 940
1814 935
1814 2399
363 364
398 394
798 1478
2570 544
1914 169
114 115
132 131
237 917
321 468
321 2061
321 2409
538 536
538 999
538 2544
538 1308
538 2787
538 2788
684 685
684 686
986 1092
509 292
509 508
509 833
509 1082
1351 128
1351 486
1351 251
1351 1352
1351 1405
1570 251
1848 2253
1848 1847
2389 2388
2443 1492
2443 2444
1789 1791
2800 169
2576 2575
1169 1167
3295 385
3301 616
3315 1865
2542 2541
3494 385
189 188
189 127
418 419
826 832
826 1946
1927 848
1927 1925
1927 2047
1294 147
1294 1295
1294 1296
67 626
67 1867
67 2133
67 2293
188 191
188 3186
188 493
188 1828
188 2769
188 2770
188 2772
188 2773
493 1828
493 2769
493 2770
493 2181
493 2773
1128 1122
2148 2149
2769 1828
2769 2770
2769 2950
2769 2772
2769 2773
2769 2774
2774 1828
364 700
905 906
905 907
905 908
905 909
905 911
905 912
324 454
125 1175
125 1461
125 1876
125 2619
125 2675
330 616
330 712
330 1426
330 1499
330 2170
330 2465
239 238
239 356
328 327
328 2575
915 770
915 913
915 1484
915 1723
915 1724
915 1725
915 1726
915 1728
915 1729
915 1730
915 1731
915 1732
915 1733
915 1734
915 1735
915 1972
915 1185
915 2458
2624 2619
544 536
544 2653
2873 2884
169 536
169 1046
169 1129
169 1147
169 2359
169 2799
280 1826
280 273
280 276
280 1622
280 2289
366 2252
366 367
856 287
2888 2884
2561 671
98 1504
98 2432
98 968
920 919
1767 2630
1768 1638
1769 2180
1771 269
1771 555
1771 617
294 77
294 1807
294 293
294 1157
294 496
294 1457
294 2231
294 2427
294 2573
294 2707
474 624
474 623
474 1818
474 1824
474 2456
613 77
613 804
613 968
613 1139
613 1157
613 1793
613 2231
625 624
625 674
128 430
128 1818
128 2032
128 2150
128 2466
128 2510
128 2611
128 2702
244 242
244 107
244 1157
423 2032
425 1521
428 536
428 2510
1707 468
459 641
462 1016
468 106
468 213
468 2981
468 266
468 372
468 374
468 377
468 386
468 722
468 1142
468 956
468 1053
468 1163
468 1224
468 1322
468 1382
468 1413
468 1603
468 1682
468 1683
468 1684
468 1685
468 1686
468 1688
468 1689
468 1690
468 1691
468 1692
468 1693
468 1855
468 1695
468 1696
468 1697
468 1936
468 1700
468 1701
468 1702
468 1704
468 1705
468 1706
468 1708
468 1709
468 1710
468 1711
468 1712
468 1713
468 1575
468 1715
468 3081
468 1717
468 1718
468 1720
468 1721
468 1722
468 1844
468 2458
468 2463
470 1482
471 1413
471 2096
471 2548
478 2630
2447 608
2447 974
2447 1342
2447 645
2447 2449
2447 2450
2447 2451
2225 2224
2577 2575
630 1297
630 2701
940 1781
1009 2096
1009 1733
1009 2690
1485 1482
506 1550
53 1561
60 830
62 2466
63 674
63 2120
63 1846
68 1876
1561 1560
1561 2223
59 2206
2206 105
2206 108
2206 352
2206 357
2206 1445
2206 1730
2206 2207
2206 2208
2206 2209
2206 2210
2206 2211
2206 2212
830 827
1457 1458
1457 1459
1457 1460
1867 879
2466 1153
2466 1182
2466 2467
674 624
674 2358
1846 1199
626 3006
626 3100
2133 1065
1876 2645
1876 659
1876 754
1876 833
1876 1184
1876 1304
1876 1319
1876 1371
1876 2831
1876 1660
1876 1877
1876 1879
1876 1880
1876 1881
1876 1882
1876 1883
1876 1884
1876 1885
1876 1886
1876 1887
1876 1888
1876 1889
1876 1890
1876 1891
1876 1892
1876 1893
1876 1894
559 917
559 135
559 2657
614 287
614 616
614 1007
614 1153
614 1426
614 1498
614 2100
614 2664
614 2680
615 251
624 1626
1626 935
1394 2414
2481 77
667 2034
2034 607
276 273
276 275
276 277
276 281
276 1433
276 883
276 884
276 886
276 503
276 888
276 889
935 933
935 1072
935 1314
935 1658
935 1915
935 2032
935 2708
496 816
496 1011
496 815
539 536
833 645
988 2530
516 1733
516 1160
516 1550
700 713
700 688
700 450
700 701
700 702
700 703
700 704
700 2227
700 706
700 707
700 708
700 711
700 712
700 714
73 74
73 75
73 76
73 77
73 1061
76 1940
77 1240
77 1646
77 1783
77 2479
77 2480
77 2482
77 2483
1061 1062
1061 447
1940 1184
1940 1288
1940 1941
1940 1942
1940 1943
1783 1781
290 291
1235 1234
1046 251
1046 1047
1129 167
1129 691
1129 749
1129 1038
1129 1130
520 521
520 523
520 524
242 175
242 245
242 248
242 249
242 250
242 251
242 252
242 253
242 254
436 285
436 437
436 439
436 440
436 441
436 442
436 443
436 445
436 446
436 447
436 448
436 449
436 450
436 2244
2153 2727
2619 233
2619 251
2619 746
2619 822
2619 2675
2619 1208
2619 1522
2619 1433
2619 1884
2619 2723
2619 2249
2619 2620
2619 2621
2619 2623
2619 2625
2619 2626
2714 1995
2714 2339
2714 2715
2243 1065
2243 2027
2252 106
2252 372
2252 374
2252 743
2701 397
2701 1569
2096 897
2096 1339
2096 2097
1757 555
1757 1758
1757 1760
1757 1761
1826 220
1826 1701
1826 1827
1826 1828
1826 1829
1826 1830
1826 1831
1826 1832
1826 1833
1826 1834
1826 1835
1826 1836
1826 1325
1826 1838
1504 832
1504 1426
1504 1944
1504 1945
1504 1946
2432 1186
2432 2433
2432 2434
2432 2435
2432 2436
2432 2437
968 967
968 1901
379 1807
379 2689
1016 283
1822 1566
106 105
106 262
106 419
106 1224
106 1339
106 1520
106 2595
251 934
251 768
251 435
251 761
251 972
251 1073
251 1253
251 1549
251 1285
251 2100
251 2159
251 1777
397 394
697 890
697 1215
697 1571
697 1368
2435 2716
1040 1253
607 2228
607 2690
1056 287
2595 897
2595 531
2595 1663
2595 2616
2595 2617
707 1638
1262 446
1262 504
1262 2114
1262 1263
1262 1811
486 566
486 2162
486 2702
832 827
897 1254
897 1488
923 924
923 925
923 926
923 1413
1045 1044
1121 1538
1375 2740
1377 450
1382 1157
1382 1499
1390 1811
1781 1226
1781 1782
1781 1784
2032 801
2032 1085
2032 2664
2032 3487
2032 2286
1331 1482
1807 900
1807 1112
1807 1808
1122 632
1122 738
1122 1069
1122 1124
1122 1125
1122 1126
1136 2657
2147 1942
1225 1224
395 394
565 564
2388 1426
689 913
340 335
497 1860
645 642
848 287
848 1267
848 1482
848 2253
1333 1638
1333 1844
1339 1672
1342 2740
1343 2026
1345 2804
1207 1413
1175 814
1461 1462
2675 899
2675 1302
2675 2676
2675 2677
205 1865
205 799
287 839
287 840
287 841
287 842
287 844
287 845
287 846
287 847
287 849
287 850
287 851
287 852
287 853
287 854
287 855
287 857
287 858
287 859
287 860
287 862
287 863
287 864
287 2270
287 866
287 867
287 868
207 435
232 1733
821 819
821 1763
1292 1291
1929 1949
1929 2472
130 1237
118 119
118 1115
118 1495
1540 1456
1540 1541
1540 1542
269 268
269 641
269 1139
356 2039
440 1139
440 2458
450 1413
450 2699
512 508
532 536
532 531
532 1077
532 2653
2648 1276
1749 1748
2457 2456
807 641
807 804
816 2740
875 874
922 292
922 2692
971 969
1014 1011
1108 1107
1124 1400
1140 1139
1140 1277
1146 1145
1347 2740
1531 1522
1531 1638
1531 2541
1754 904
1754 1756
1778 107
1794 1793
1794 2606
2936 2544
2157 2156
2320 641
2538 2537
2341 103
2342 2219
1606 296
1606 439
1606 1607
636 635
2355 1777
2380 2593
530 529
754 1224
754 2159
1638 1636
1638 2490
1638 2719
1638 2720
2883 2884
161 1475
161 2742
819 820
819 822
819 823
241 1865
241 240
241 266
241 2421
245 1488
265 262
268 271
268 272
325 326
362 358
388 385
388 694
502 2224
502 504
545 536
545 654
573 572
608 973
632 631
632 1224
632 2159
657 648
657 654
657 699
657 959
657 1266
801 1865
801 1450
966 965
1011 555
1011 753
1011 1012
1011 1013
1011 1015
1011 2156
1011 2359
1158 1824
1158 1159
1182 2427
1229 1224
1229 2159
1266 2063
1275 1276
1282 1279
1313 1312
1483 1482
1509 1510
1509 1511
1554 2396
1816 1254
2144 2145
620 618
2247 2246
2250 815
2409 2410
2413 352
2460 934
2460 2458
2477 641
2533 616
2533 2534
2596 2597
2608 2609
2608 2610
2653 536
2653 543
2653 2654
2653 2655
2653 2656
2812 2884
2847 2884
2851 1277
2853 2884
2884 437
2884 2424
2884 2807
2884 2808
2884 2885
2884 2886
2884 2887
2884 2889
2884 2584
1283 1279
1283 1736
1460 2702
600 599
3054 3511
1199 1201
3172 514
3187 569
2039 147
2039 727
2039 1278
2039 2041
2039 2042
2039 2043
2039 2044
2039 2045
1766 899
643 642
103 101
103 2530
135 2181
2408 1216
1574 214
1574 1575
1574 1576
1574 1077
1574 616
1574 1579
1574 1580
1574 1581
1574 1582
1574 1583
1574 1584
1574 1585
1574 1586
1574 1587
1574 1588
1574 1589
1574 1590
1574 1591
1574 1592
1574 1593
1574 1594
1574 1595
1574 1596
1574 1597
1574 1598
1574 1599
1574 3442
1574 1601
1574 1602
1574 1603
1574 1604
1574 1605
1636 1637
282 273
805 804
805 1077
805 2740
1304 1303
2098 2099
431 430
167 2152
1178 1177
514 508
514 1913
514 2722
1563 1000
1563 1566
1116 1115
1003 995
1003 1742
1019 1018
1491 1490
2738 1780
2738 2739
1656 2359
1656 2611
556 557
206 1213
219 2026
1742 517
1742 1743
1742 1744
1865 818
1865 1092
1865 1216
1865 1522
1865 1835
1865 1864
1865 2213
1865 2214
1865 2215
1865 2216
1865 2218
1865 2220
1817 1254
1818 1210
1818 1819
1818 1820
2290 999
2290 812
2290 589
2290 1258
2290 2403
2290 1833
2290 1984
2290 2291
2290 2292
177 176
337 335
536 537
536 540
536 541
536 543
386 385
546 2804
1534 1535
1844 108
1844 1363
1844 1845
1969 2707
2081 2456
2412 787
2740 145
2740 272
2740 2741
900 1532
1112 1111
899 1137
1087 1086
1130 1625
1130 1870
1850 2546
175 172
175 934
175 1413
1568 1569
2544 2231
2544 2734
352 934
2690 1090
2690 2691
274 273
638 637
2174 1674
1312 563
827 828
827 829
827 831
1163 2630
1751 1750
2635 2725
931 881
931 932
593 594
593 595
2721 1705
144 145
3308 1209
3427 2425
564 566
564 567
2416 641
1401 1402
1000 995
508 510
508 511
508 513
508 2630
1669 917
234 273
234 699
234 2455
342 335
681 540
681 682
681 683
953 1507
1599 2359
2267 1538
2359 108
2359 147
2359 2360
2359 2361
2359 2362
2359 2363
2427 591
2427 947
2427 2428
2472 2473
563 560
563 1251
563 2720
563 2521
1482 1484
1482 1486
2260 2253
499 1086
1465 781
1465 1201
947 945
2251 815
1167 1168
1167 1170
2530 2531
2530 2532
250 973
254 2556
818 934
818 768
818 817
818 1662
1679 914
1679 2170
147 146
147 1350
147 1672
147 2165
147 2578
917 555
917 820
917 1668
661 654
661 814
1157 2167
2231 2228
2630 1535
2630 2631
296 297
296 1670
296 2062
1785 1786
2766 2765
267 262
777 778
777 779
777 780
777 781
777 782
1085 1084
934 933
934 2421
2446 1448
281 273
1092 1091
1203 2453
1776 107
648 642
654 292
654 551
654 658
654 659
654 660
804 806
555 812
555 2657
277 273
277 1232
277 1500
277 2647
292 291
663 1744
694 1403
285 284
439 629
2244 2245
913 914
2541 2543
995 996
995 997
995 998
995 999
995 1001
995 1002
995 1064
561 560
641 639
641 2415
264 262
2224 2226
2224 2227
266 262
1142 1139
1224 738
1224 753
1224 1226
1224 1227
1224 1228
1413 874
1688 2802
1695 2204
1706 2734
1720 2709
2458 787
2458 2459
1139 1141
1139 1143
1793 1484
1002 1410
1002 1412
1064 1065
1064 2537
728 101
1113 1114
738 2159
748 1488
753 2228
101 102
2804 2805
105 107
105 108
107 1192
107 1777
107 1779
107 1780
108 2420
262 263
419 272
419 787
272 1196
272 1869
430 433
2611 2612
2611 2613
2702 2642
566 2579
2162 2163
2162 2164
1571 1572
1254 192
1254 1253
1254 1437
112 113
1495 504
1495 1496
1495 1497
120 121
2453 2452
1267 1268
1267 1269
1267 1270
1267 1272
1310 1314
578 577
974 973
1071 1070
2165 1278
2165 2166
2578 858
2578 1838
148 149
148 150
1426 780
2742 2122
1147 1041
815 653
815 2188
815 2248
815 2249
172 173
2421 2422
1915 1916
592 588
879 878
1258 2614
2709 2710
2709 2711
2709 2712
2735 2736
1018 1020
1018 1021
1288 1287
1942 2724
384 2592
870 869
874 876
874 877
1025 487
1228 2537
799 800
799 1841
1213 1214
2026 1145
2026 2027
2026 2028
2026 2029
2026 2030
273 869
273 275
273 279
273 283
849 881
867 1746
338 335
1411 1410
2122 1810
2126 2805
1065 2241
1065 2242
1763 1764
1763 1765
335 336
335 339
335 1212
335 343
394 396
1507 1674
869 871
629 1792
1285 1279
2100 2101
2159 2160
1297 1506
2546 2549
975 976
1674 1675
1196 1197
1196 1198
883 1500
1232 1233
1232 1487
1500 1499
1500 1233
1500 1950
562 560
1315 1314
291 1902
2253 2254
2253 2255
2253 2257
2253 2258
2253 2259
881 2161
2692 2693
1670 1671
2062 1607
298 299
1023 1024
1473 2537
1473 1474
1499 1501
1499 1502
2170 1782
2170 2171
2170 2172
1212 1211
358 359
358 360
358 361
359 653
359 814
653 814
814 1176
2228 2229
2228 2230
2228 2232
382 383
385 387
385 390
385 391
1762 533
402 1842
402 2221
1842 1843
642 644
642 646
642 647
642 649
642 650
642 651
919 921
1521 1068
1521 1523
1871 1872
451 452
451 453
914 1677
914 1678
2579 2580
500 2572
2572 912
1077 1078
812 811
2657 2658
2657 2659
2164 2761
945 948
811 813
1251 1250
569 571
572 574
572 575
572 576
575 2674
577 579
577 580
581 582
581 583
588 1005
588 590
588 591
595 2652
597 598
599 601
601 2725
2725 2726
806 1782
1744 1939
665 666
669 670
817 2219
1662 1069
1662 1663
773 774
775 776
785 786
791 792
1478 1479
1478 1480
1478 1481
2219 2564
2219 2565
837 838
1314 1316
902 903
902 904
912 2571
927 928
929 930
978 979
978 980
1410 1412
1410 1004
1412 1592
2156 2158
1024 1368
2537 1523
2537 2539
2537 2540
1100 1148
1784 2618
1069 1068
1141 2397
2567 2104
2567 2568
2567 2569
1811 1812
1405 1404
1296 2593
2670 2671
2042 2523
1950 2678
2204 2205
2047 2046
1090 1088
1566 1823
1008 1010
1066 1067
1074 1075
1088 1089
1093 1094
1093 1095
1109 1110
1117 1118
1241 1242
1241 1243
1241 1244
1241 1245
1279 1280
1279 1281
2038 2037
2524 2525
1273 1274
1442 1443
1451 1452
1492 1494
2678 2679
1525 1526
1527 1528
1527 1529
1527 1530
1547 1548
1627 1628
1752 1753
1772 1773
1772 1774
1772 1775
2665 2666
1918 1919
2035 2036
2102 2103
2057 2058
2059 2060
2154 2155
2184 2185
2184 2186
2184 2187
2364 2365
2390 2391
2716 2717
2716 2718
2522 2523
2550 2551
2590 2591
3512 3513
3514 3515
3514 3516
