0 1
0 1135
0 974
0 4
0 5
0 6
0 7
0 8
0 9
0 10
0 263
0 12
0 13
0 14
0 15
0 16
0 17
0 18
0 19
0 20
0 21
0 22
0 23
0 24
0 25
0 26
0 27
0 304
0 1269
1 28
1 1161
1 674
1 147
1 154
1 162
1 193
1135 598
974 971
4 28
4 33
4 64
4 154
5 64
5 147
5 154
5 162
6 28
6 33
6 727
6 918
6 932
7 33
7 64
7 147
7 154
7 162
8 28
8 64
8 147
8 1276
8 162
9 28
9 33
9 147
9 154
9 162
9 1290
9 1291
9 1297
10 28
10 162
10 580
263 46
263 264
263 108
263 275
263 278
263 283
12 33
12 359
12 147
13 33
13 64
13 147
13 154
13 923
13 780
14 28
14 64
14 154
15 28
16 162
17 28
17 33
17 162
18 28
18 63
18 64
19 33
19 64
19 147
19 162
20 1189
20 64
20 147
20 154
20 193
21 64
21 162
22 162
22 193
23 884
24 162
24 1359
25 305
26 28
26 33
26 193
26 809
26 1172
26 283
27 28
27 33
27 162
27 193
27 1301
304 28
304 266
304 65
304 327
304 328
28 11
28 29
28 30
28 31
28 32
28 1172
1161 239
674 670
147 3
147 29
147 38
147 39
147 51
147 55
147 60
147 65
147 66
147 67
147 73
147 84
147 92
147 96
147 100
147 104
147 113
147 114
147 124
147 133
147 140
147 141
147 148
147 149
147 150
147 151
147 152
147 153
147 205
147 206
154 3
154 11
154 29
154 578
154 51
154 65
154 67
154 72
154 73
154 75
154 86
154 90
154 93
154 96
154 138
154 104
154 1316
154 106
154 110
154 114
154 119
154 124
154 126
154 127
154 144
154 759
154 142
154 146
154 155
154 156
154 157
154 158
154 159
154 160
154 161
154 205
162 11
162 30
162 42
162 45
162 52
162 53
162 55
162 56
162 58
162 555
162 62
162 84
162 87
162 88
162 89
162 100
162 106
162 115
162 124
162 130
162 131
162 139
162 455
162 1252
162 145
162 146
162 161
162 163
162 164
162 165
162 1406
162 167
162 168
162 169
162 170
162 171
162 172
162 173
162 174
162 175
162 176
162 177
162 178
162 179
162 180
162 181
162 182
162 183
162 184
162 185
162 186
162 187
162 188
162 189
162 190
162 191
162 192
162 206
162 207
193 216
193 35
193 38
193 43
193 52
193 54
193 55
193 465
193 1151
193 146
193 148
193 150
193 161
193 614
193 175
193 178
193 181
193 182
193 792
193 195
193 196
193 197
193 198
193 199
193 200
193 201
193 202
193 203
193 204
2 33
2 64
33 11
33 29
33 34
33 35
33 36
33 1382
33 38
33 39
33 40
33 597
33 42
33 43
33 44
33 45
33 46
33 628
33 406
33 49
33 50
33 51
33 52
33 53
33 54
33 55
33 56
33 57
33 58
33 59
33 60
33 227
33 62
33 355
33 106
64 11
64 35
64 39
64 43
64 44
64 47
64 48
64 51
64 53
64 55
64 1256
64 58
64 59
64 65
64 66
64 67
64 68
64 69
64 1065
64 71
64 72
64 409
64 74
64 75
64 76
64 77
64 78
64 79
64 80
64 81
64 82
64 83
64 84
64 85
64 86
64 721
64 88
64 89
64 90
64 445
64 92
64 93
64 94
64 95
64 96
64 97
64 98
64 99
64 100
64 101
64 102
64 585
64 104
64 105
64 106
64 107
64 108
64 507
64 110
64 111
64 112
64 113
64 114
64 115
64 116
64 117
64 118
64 715
64 135
64 440
64 437
64 123
64 124
64 125
64 126
64 127
64 128
64 129
64 130
64 131
64 132
64 1357
64 134
64 1359
64 136
64 137
64 1252
64 139
64 140
64 141
64 142
64 143
64 144
64 145
64 146
64 205
64 210
3 1331
1331 1216
727 726
918 919
932 933
1276 1274
1276 1275
1290 1269
1290 1291
1297 1194
1297 1269
1297 1286
580 581
580 582
580 591
580 592
580 593
580 594
580 595
580 596
580 603
580 604
580 608
580 456
923 922
780 767
780 781
780 362
1189 1188
884 752
1172 54
1172 1173
1301 397
32 474
1382 1361
597 427
44 475
628 626
628 644
628 646
628 913
406 405
54 1171
55 1269
58 1329
60 920
227 224
227 228
355 350
355 351
355 352
355 353
355 354
355 356
1256 1255
1065 1066
409 408
77 400
77 1436
81 1109
81 1111
721 676
721 722
89 856
445 443
93 1268
99 583
106 926
507 508
112 314
715 710
715 825
715 904
440 438
437 436
437 439
437 776
128 1115
1357 1358
1357 1359
1359 1358
136 1254
1252 477
1252 1253
139 285
143 1429
144 379
146 272
146 273
146 1243
266 265
578 579
1316 1033
1316 1315
759 754
155 443
158 373
159 1174
160 339
555 460
555 505
555 554
555 556
555 487
455 456
1406 332
169 698
169 970
169 1216
169 1217
169 1231
169 1264
169 1452
181 1444
183 1194
183 1216
183 1217
183 1218
216 214
216 217
465 285
465 779
465 489
465 1412
465 1413
465 1415
792 788
199 754
199 946
199 1254
1269 218
1269 1017
1269 617
1269 1194
1269 1217
1269 1286
1269 1292
1269 1293
1269 1294
1269 1313
1269 1314
1269 1321
1269 1322
1269 1329
1269 1333
1269 1334
1269 1341
1269 1342
1269 1343
1269 1351
1269 1352
1269 1356
1269 1404
1329 211
1329 1299
920 921
920 1096
920 1097
920 275
920 1099
920 768
920 1101
920 1103
920 1104
920 1235
920 1448
1109 293
1109 1105
1109 1106
1111 293
1111 1106
1268 986
1268 894
1268 1270
581 1279
1160 671
1160 1166
671 670
671 1158
1166 977
1194 970
1194 810
1194 1193
1194 1202
1194 1203
1194 1204
1194 1217
1286 1200
1286 1285
1254 758
767 477
767 768
781 879
781 880
1243 1244
1243 1245
283 285
1096 1102
1097 1102
1099 1102
1101 1102
1235 1236
1235 1448
293 292
293 989
1105 1106
1105 1107
1105 1108
1106 443
1106 1110
1106 1112
986 985
894 893
894 1158
218 696
218 220
218 221
218 222
218 223
218 339
218 863
1017 1015
617 478
617 618
617 427
617 1302
617 1303
617 1304
617 1158
1217 969
1217 650
1217 1223
1217 788
1293 229
1293 607
1293 1238
1294 1167
1322 1323
1322 1324
1322 1325
1351 1355
397 396
211 212
211 906
1299 1298
1174 1175
1174 1179
1174 1180
698 696
970 969
970 968
969 650
969 968
969 240
650 649
968 866
194 91
754 239
754 755
754 756
754 757
754 758
946 944
239 238
239 295
239 306
239 307
239 407
239 623
239 1125
239 1411
755 757
755 774
755 777
755 778
755 779
755 1344
757 773
208 209
906 851
213 214
213 215
213 520
214 215
696 697
223 637
339 340
339 1446
339 753
339 343
339 344
339 427
637 636
1446 1445
753 752
427 426
427 1367
427 247
427 589
427 590
427 601
427 602
427 1450
224 225
224 226
229 230
229 324
229 1238
1238 607
1238 443
1238 1237
231 232
231 233
231 234
231 235
231 236
231 237
233 530
233 535
233 539
530 453
530 531
530 532
530 911
530 763
530 536
530 537
530 538
530 540
530 541
530 542
530 544
530 545
530 546
530 548
530 549
530 550
535 422
535 531
535 532
535 533
535 534
535 1021
535 537
535 1417
539 422
539 531
539 532
539 533
539 534
539 536
539 537
539 538
539 1137
539 541
539 542
539 543
539 730
539 545
539 546
539 547
539 548
539 549
539 550
453 448
531 314
531 694
911 912
911 927
911 928
911 930
911 702
911 1068
911 1069
911 1149
911 1150
763 762
422 421
534 703
534 752
534 760
534 1071
534 971
1021 1020
1417 1418
1137 1118
730 729
238 1024
1024 439
1024 669
1024 983
1024 1025
407 1361
1411 1410
240 241
240 242
240 244
240 245
240 1347
240 247
240 248
240 249
240 250
240 251
240 252
240 253
240 254
240 255
240 256
240 257
240 258
240 326
244 577
244 301
244 501
244 695
1347 1348
577 575
301 619
619 430
260 261
260 262
260 269
269 762
762 323
762 703
762 476
267 268
323 288
323 514
703 704
703 705
476 497
476 469
476 474
476 477
476 478
270 271
276 277
276 296
276 1369
1369 1361
279 280
281 282
281 294
281 670
670 297
670 669
670 672
670 673
670 675
670 676
297 298
297 1307
669 817
669 1116
673 332
489 490
489 491
489 1408
1413 1414
607 697
607 740
607 890
607 898
607 905
607 943
607 1335
607 1422
607 1428
607 364
697 897
740 354
898 897
286 287
286 882
286 1158
286 1159
1158 739
288 289
288 308
288 315
288 317
288 319
288 322
308 1427
308 1181
308 936
322 320
322 321
322 1205
1427 1279
1427 1426
1181 1182
1181 1183
1181 1184
1181 1185
1181 1186
1181 1187
936 935
936 937
514 458
514 515
325 318
325 1250
318 290
318 641
318 1145
1250 486
1250 1249
1250 1251
290 291
290 314
290 316
291 629
291 1009
291 1010
314 641
314 766
314 987
316 883
629 626
629 644
629 646
1010 497
766 515
298 299
298 300
298 835
298 849
298 903
298 579
1307 891
1307 1308
299 300
299 744
299 783
299 835
300 702
300 1336
300 829
835 836
835 837
835 838
849 848
783 782
702 1023
1336 655
1336 1337
829 504
829 830
837 1361
837 1118
1023 1353
430 302
430 431
430 620
302 303
302 463
463 462
463 480
431 600
431 1136
620 1319
480 435
480 479
480 481
610 611
309 310
311 312
311 313
320 321
321 990
321 992
990 436
990 991
1205 1206
1205 1207
1205 1208
436 438
329 330
330 598
330 938
598 435
598 599
598 600
598 605
598 606
938 939
435 433
435 643
599 1020
605 689
606 398
331 332
332 336
332 1405
336 797
1405 861
797 529
333 334
333 1442
333 337
333 338
1442 1436
1442 1439
1442 1440
1367 1361
1450 1449
1450 1451
345 346
345 945
345 348
345 349
945 944
350 398
350 352
350 885
350 354
350 356
350 1233
398 909
398 690
352 351
352 353
352 354
352 356
352 784
352 1233
352 1234
885 897
885 886
354 351
354 353
354 356
356 351
356 353
1233 351
351 353
351 784
351 1221
351 1234
353 784
357 358
357 1200
357 360
357 361
1200 1201
362 363
362 364
362 365
362 366
362 367
362 368
362 370
362 371
362 1239
362 373
362 374
362 375
362 376
362 378
362 412
362 1258
363 366
363 368
364 365
364 366
364 367
364 724
364 369
364 840
364 1094
364 1095
365 369
366 369
367 369
368 369
370 369
370 561
1239 1240
373 369
373 1258
374 369
374 504
374 1258
375 369
376 369
378 504
378 1258
412 408
1258 504
369 377
840 839
1094 1095
561 558
561 562
561 993
561 994
561 995
561 998
561 999
561 1000
504 464
504 502
504 1018
504 1049
504 1050
504 1130
504 1259
464 497
464 706
464 466
464 467
464 468
464 1178
464 524
464 900
464 965
464 1049
464 1130
464 1319
464 1449
502 495
502 503
1018 503
1049 503
558 559
558 560
379 1227
1227 1228
381 382
383 1279
1279 1280
1279 1453
384 891
891 752
891 892
752 876
385 386
385 387
388 389
388 390
391 392
391 1005
393 394
393 395
690 691
690 692
400 402
403 404
408 410
408 411
408 413
408 414
411 719
719 718
719 720
415 416
415 417
416 897
417 897
897 896
418 419
423 424
424 425
424 806
428 429
1319 1320
432 433
433 434
433 475
434 506
434 517
517 516
643 642
516 518
516 728
438 439
776 773
441 442
442 492
442 493
493 736
736 734
443 444
443 446
443 447
443 452
443 454
444 448
446 448
447 448
452 448
454 448
448 450
448 451
448 449
456 457
456 497
456 706
497 495
497 496
497 519
495 496
519 1031
459 460
459 461
459 482
505 466
505 557
487 484
487 488
466 839
468 875
468 957
1178 853
1178 1300
524 520
524 527
900 899
965 503
965 967
839 841
839 842
839 978
839 844
957 855
503 966
503 1431
491 469
1408 1409
978 979
978 980
978 981
978 982
855 854
855 1082
855 1083
855 1084
855 1128
855 1153
469 470
469 1048
469 472
1048 654
1048 1047
474 822
477 478
477 962
477 963
477 1282
478 738
822 831
822 824
831 832
1282 1281
1282 1295
1282 1296
738 737
483 498
498 499
498 500
484 485
484 869
869 870
509 510
509 1419
1419 1361
511 512
511 513
520 521
520 522
520 523
520 525
520 526
520 527
520 528
523 1129
525 526
525 1128
526 1129
527 1128
551 552
552 553
563 564
565 566
567 568
569 570
569 1041
1041 1019
1041 1361
572 573
572 574
573 1022
1022 1020
575 576
586 1438
1438 1435
612 613
615 616
821 820
621 960
960 624
624 1077
1077 682
625 912
626 627
626 630
626 631
626 645
627 644
627 646
645 644
645 646
633 1199
633 635
1199 1198
638 639
638 640
647 648
651 652
652 765
652 805
653 654
654 655
657 658
658 659
658 660
658 661
658 662
658 663
664 665
664 666
666 1344
1344 774
1344 1345
1344 1346
667 668
817 818
817 819
817 1435
677 678
678 723
678 800
678 725
800 799
800 801
679 680
679 681
682 683
684 685
684 686
684 687
684 688
691 733
699 700
699 701
701 1246
707 708
710 711
711 712
711 713
711 714
825 826
716 717
726 728
729 731
729 732
734 735
737 845
845 846
845 847
741 742
741 743
745 746
746 747
748 749
749 769
750 751
774 773
777 1132
778 773
773 775
1132 1131
770 771
770 772
879 929
879 1361
880 1188
1188 1177
1188 1190
785 786
785 787
787 1309
787 1310
787 1311
788 789
788 790
788 791
788 793
789 931
794 795
799 802
799 803
803 801
803 804
807 808
810 811
810 812
811 1232
813 814
815 816
827 828
833 834
851 853
854 1115
854 1157
858 859
858 860
858 861
864 865
866 868
871 872
871 881
871 902
881 1435
873 874
873 895
877 878
886 887
888 889
888 901
907 908
914 915
916 917
916 1102
1102 1098
1102 1100
924 925
933 934
940 941
940 942
941 1445
947 948
949 950
949 951
952 953
953 954
955 956
958 959
971 972
971 973
971 1033
973 1165
976 977
977 1026
982 983
983 1366
1366 1361
984 985
985 1080
985 1081
996 997
1033 1035
1177 1176
1223 1224
1001 1002
1001 1003
1001 1004
1005 1006
1007 1407
1011 1012
1012 1013
1014 1015
1015 1016
1019 1154
1361 1170
1361 1363
1361 1364
1361 1365
1361 1368
1361 1370
1361 1371
1361 122
1361 1373
1361 1374
1361 1375
1361 1376
1361 1377
1361 1378
1361 1379
1361 1380
1361 1381
1361 1384
1361 1385
1361 1386
1361 1387
1361 1388
1361 1389
1361 1390
1361 1391
1361 1393
1361 1394
1361 1395
1361 1396
1361 1397
1361 1073
1361 1399
1361 1400
1361 1201
1361 1403
1027 1028
1029 1253
1031 1247
1032 1085
1037 1038
1039 1040
1170 1169
1073 1072
1042 1043
1042 1044
1045 1046
1046 1090
1046 1091
1051 1052
1053 1054
1054 1055
1056 1057
1056 1058
1056 1059
1056 1060
1056 1061
1060 1062
1061 1062
1063 1064
1074 1075
1075 1076
1078 1079
1086 1087
1086 1088
1086 1089
1087 1088
1092 1093
1113 1114
1117 1118
1117 1119
1118 1134
1118 1138
1118 1139
1120 1121
1120 1122
1123 1124
1126 1127
1140 1141
1140 1142
1140 1263
1143 1144
1146 1147
1147 1148
1147 1164
1155 1156
1162 1163
1167 1168
1191 1192
1195 1196
1195 1248
1197 1198
1285 1287
1209 1210
1210 1211
1212 1213
1214 1215
1219 1220
1225 1226
1229 1230
1241 1242
1255 1257
1260 120
1262 1263
1265 1266
1338 1339
1338 1340
1355 1353
1271 1272
1272 1273
1274 1275
1277 1278
1453 1454
1306 1305
1283 1284
1288 1289
1289 1330
1289 1416
1317 1318
1326 1327
1326 1328
1349 1350
1420 1421
1420 1432
1420 1433
1421 1432
1421 1433
1421 1434
1424 1425
1435 1437
1435 1439
1435 1440
1435 1441
1439 1440
1436 1443
