0 1
0 999
0 2
0 998
0 3
0 997
0 4
0 996
0 5
0 995
0 501
1 2
1 3
1 4
1 998
1 5
1 6
1 996
2 3
2 4
2 5
2 999
2 6
2 7
2 997
3 4
3 5
3 6
3 7
3 999
3 8
3 998
4 5
4 6
4 7
4 8
4 9
4 999
5 6
5 7
5 8
5 9
5 10
6 7
6 8
6 9
6 10
6 11
6 353
7 8
7 9
7 10
7 11
7 12
7 577
7 433
8 9
8 11
8 12
8 13
8 844
9 11
9 12
9 13
9 14
9 305
10 11
10 12
10 13
10 15
10 631
10 669
11 13
11 14
11 15
11 16
11 162
12 13
12 14
12 15
12 16
12 586
12 874
13 14
13 15
13 16
13 17
13 18
13 534
14 15
14 16
14 17
14 18
14 19
14 391
15 16
15 17
15 18
15 19
15 20
15 801
16 17
16 18
16 19
16 21
16 558
17 18
17 19
17 20
17 21
17 22
17 946
18 19
18 20
18 21
18 22
18 23
19 21
19 22
19 23
19 24
19 239
20 21
20 22
20 23
20 24
20 25
21 22
21 23
21 24
21 25
21 26
22 23
22 25
22 26
22 27
22 51
22 186
23 24
23 25
23 28
23 671
23 174
24 25
24 26
24 28
24 29
24 888
24 92
25 26
25 27
25 28
25 29
25 30
25 519
25 479
26 27
26 28
26 29
26 30
26 31
27 28
27 29
27 30
27 31
27 32
28 30
28 31
28 32
28 33
28 312
29 30
29 31
29 32
29 33
29 34
30 31
30 32
30 33
30 34
30 35
30 646
30 598
31 32
31 33
31 35
31 834
31 374
31 341
32 34
32 35
32 36
32 37
32 376
33 34
33 35
33 36
33 37
33 38
33 246
33 337
33 604
34 35
34 36
34 37
34 38
34 39
35 36
35 37
35 38
35 40
35 976
35 554
36 37
36 38
36 39
36 40
36 41
36 721
36 924
37 38
37 39
37 41
37 42
37 47
37 633
38 39
38 40
38 41
38 42
38 43
39 40
39 41
39 42
39 43
39 44
40 41
40 42
40 43
40 45
40 744
40 473
41 42
41 43
41 44
41 45
41 46
42 43
42 44
42 45
42 46
42 47
42 53
43 44
43 45
43 46
43 47
43 48
44 45
44 46
44 47
44 49
44 352
44 245
44 388
45 46
45 47
45 49
45 50
45 66
46 47
46 48
46 49
46 50
46 51
47 49
47 50
47 51
47 52
48 50
48 51
48 52
48 156
48 125
48 769
49 50
49 51
49 52
49 53
49 54
49 911
50 51
50 52
50 54
50 55
50 149
51 52
51 53
51 54
51 55
51 56
52 55
52 56
52 57
52 204
52 361
52 730
53 54
53 55
53 58
53 873
53 859
53 867
54 55
54 57
54 58
54 59
54 945
55 56
55 57
55 58
55 59
55 60
55 511
56 58
56 59
56 61
56 823
56 573
56 764
57 58
57 59
57 60
57 62
57 115
57 167
58 59
58 60
58 61
58 62
58 63
59 60
59 61
59 62
59 63
59 64
59 618
60 61
60 64
60 65
60 857
60 539
61 63
61 64
61 65
61 66
61 382
62 63
62 64
62 65
62 67
62 738
62 378
63 65
63 66
63 67
63 68
63 191
64 65
64 66
64 68
64 69
64 658
64 489
65 66
65 67
65 68
65 69
65 70
65 247
66 67
66 68
66 69
66 71
66 192
66 718
67 68
67 69
67 70
67 72
67 423
68 69
68 70
68 71
68 72
68 73
69 70
69 71
69 72
69 73
69 74
70 71
70 72
70 73
70 74
70 75
71 72
71 73
71 74
71 76
71 918
71 183
72 73
72 74
72 75
72 76
72 77
73 74
73 75
73 76
73 77
73 78
74 75
74 76
74 77
74 78
74 79
74 100
75 76
75 77
75 78
75 79
75 80
75 200
76 78
76 79
76 80
76 81
76 614
76 502
77 78
77 79
77 80
77 81
77 82
77 657
78 79
78 80
78 81
78 82
78 83
79 80
79 81
79 82
79 83
79 84
80 81
80 82
80 83
80 84
80 85
81 84
81 85
81 820
81 101
81 397
81 411
82 83
82 84
82 85
82 86
82 87
83 84
83 85
83 86
83 87
83 88
84 85
84 86
84 87
84 88
84 89
84 450
84 600
84 457
84 853
85 86
85 87
85 88
85 89
85 90
85 816
86 87
86 90
86 91
86 197
86 968
87 88
87 89
87 90
87 91
87 92
87 314
88 89
88 90
88 91
88 92
88 93
89 90
89 91
89 92
89 94
89 338
90 92
90 93
90 94
90 95
90 636
91 92
91 93
91 94
91 95
91 96
92 93
92 94
92 96
92 424
92 201
92 767
93 94
93 95
93 96
93 97
93 98
93 879
94 95
94 96
94 97
94 98
94 99
95 96
95 97
95 99
95 100
95 714
96 97
96 98
96 99
96 100
96 770
96 355
97 98
97 99
97 100
97 101
97 102
98 99
98 100
98 101
98 102
98 103
99 100
99 102
99 103
99 104
99 361
100 101
100 102
100 104
100 105
100 644
101 102
101 103
101 104
101 105
101 106
101 743
102 103
102 104
102 105
102 106
102 107
102 300
102 452
103 104
103 105
103 106
103 107
103 108
104 105
104 106
104 107
104 108
104 109
105 107
105 108
105 110
105 906
105 804
106 107
106 108
106 109
106 110
106 111
106 610
106 910
106 879
107 108
107 109
107 110
107 111
107 112
108 110
108 111
108 112
108 113
108 583
108 511
109 110
109 111
109 112
109 113
109 114
109 974
110 111
110 112
110 113
110 114
110 115
110 676
111 112
111 113
111 114
111 115
111 116
112 113
112 114
112 115
112 116
112 117
113 114
113 116
113 117
113 118
113 371
113 884
113 777
114 115
114 116
114 117
114 118
114 119
114 901
114 932
115 116
115 118
115 119
115 120
116 117
116 118
116 119
116 120
116 121
116 241
116 433
116 342
117 120
117 121
117 122
117 495
117 568
118 119
118 120
118 121
118 122
118 123
119 120
119 121
119 124
119 360
119 938
120 121
120 122
120 123
120 124
120 125
121 122
121 123
121 124
121 125
121 807
122 123
122 124
122 125
122 126
122 127
123 124
123 126
123 128
123 867
123 307
124 125
124 126
124 127
124 128
124 129
125 126
125 128
125 129
125 301
125 169
126 127
126 128
126 129
126 130
126 131
126 926
127 128
127 129
127 130
127 131
127 132
128 129
128 130
128 131
128 133
128 590
129 131
129 132
129 133
129 134
129 283
129 493
130 131
130 133
130 134
130 135
130 666
131 132
131 133
131 134
131 135
131 136
131 225
132 133
132 134
132 135
132 136
132 137
133 134
133 135
133 136
133 137
133 138
134 135
134 136
134 137
134 138
134 139
134 716
135 136
135 137
135 138
135 139
135 140
135 479
136 137
136 140
136 141
136 699
136 949
136 631
136 327
137 139
137 142
137 616
137 474
137 648
138 139
138 140
138 141
138 142
138 143
139 140
139 141
139 142
139 143
139 144
140 141
140 142
140 143
140 144
140 145
141 142
141 143
141 144
141 145
141 146
142 143
142 144
142 147
142 779
142 355
142 902
143 144
143 145
143 146
143 147
143 148
144 145
144 147
144 148
144 182
144 982
144 513
145 146
145 148
145 149
145 150
145 652
145 922
146 147
146 148
146 149
146 151
146 838
147 148
147 149
147 150
147 151
147 152
147 574
148 149
148 150
148 151
148 152
148 153
149 150
149 151
149 152
149 153
149 154
150 151
150 152
150 153
150 154
150 155
151 152
151 153
151 155
151 156
151 552
152 153
152 154
152 156
152 174
152 638
153 154
153 156
153 157
153 561
153 621
154 155
154 156
154 157
154 158
154 159
154 418
155 156
155 157
155 158
155 159
155 160
156 157
156 159
156 160
156 161
156 339
157 158
157 159
157 160
157 161
157 162
158 159
158 160
158 161
158 162
158 163
159 160
159 161
159 162
159 163
159 164
159 635
160 161
160 162
160 163
160 164
160 165
161 162
161 165
161 166
161 177
161 743
162 164
162 165
162 167
162 216
162 456
163 164
163 165
163 167
163 168
163 867
164 165
164 166
164 167
164 168
164 169
164 292
164 746
164 302
165 166
165 167
165 168
165 169
165 170
166 167
166 168
166 169
166 170
166 171
167 168
167 169
167 170
167 171
167 172
167 863
168 170
168 171
168 172
168 173
168 382
169 170
169 171
169 172
169 173
169 174
170 171
170 172
170 173
170 174
170 175
171 172
171 173
171 175
171 176
171 756
172 173
172 174
172 175
172 176
172 177
173 175
173 176
173 178
173 316
173 828
174 175
174 176
174 177
174 178
174 179
175 176
175 177
175 178
175 179
175 180
176 177
176 178
176 179
176 180
176 181
177 178
177 179
177 180
177 181
177 182
178 179
178 180
178 181
178 182
178 183
179 180
179 181
179 182
179 183
179 184
180 182
180 184
180 185
180 392
180 245
181 182
181 183
181 186
181 210
181 534
181 842
182 183
182 184
182 185
182 186
182 463
182 957
183 184
183 185
183 187
183 262
183 961
183 321
184 185
184 186
184 187
184 188
184 189
185 186
185 187
185 188
185 189
185 190
185 615
186 187
186 189
186 191
186 984
186 822
187 188
187 189
187 190
187 191
187 349
188 189
188 190
188 191
188 192
188 193
188 943
189 190
189 191
189 192
189 193
189 194
190 191
190 192
190 193
190 194
190 195
191 192
191 193
191 194
191 196
191 855
192 193
192 195
192 197
192 549
193 194
193 195
193 196
193 198
193 238
193 338
194 195
194 196
194 198
194 199
194 307
195 196
195 197
195 198
195 199
195 200
196 197
196 198
196 199
196 200
196 201
197 198
197 199
197 200
197 201
197 202
198 199
198 200
198 201
198 202
198 203
198 277
199 200
199 201
199 204
199 311
199 474
200 201
200 202
200 203
200 205
200 995
201 202
201 203
201 204
201 206
201 236
201 927
202 203
202 204
202 205
202 207
202 400
203 204
203 205
203 206
203 207
203 689
204 205
204 206
204 207
204 209
204 726
204 886
204 764
205 206
205 207
205 208
205 209
205 968
205 867
205 702
206 207
206 208
206 210
206 915
206 690
207 208
207 210
207 211
207 212
207 333
208 209
208 210
208 211
208 212
208 213
208 244
209 210
209 211
209 212
209 213
209 214
210 211
210 212
210 213
210 214
210 215
211 212
211 213
211 214
211 215
211 216
212 213
212 214
212 215
212 216
212 217
212 435
212 448
212 587
213 215
213 216
213 217
213 218
213 541
213 238
214 215
214 216
214 218
214 219
214 566
215 216
215 217
215 218
215 219
215 220
216 217
216 218
216 219
216 220
216 221
217 218
217 219
217 220
217 221
217 222
217 652
218 219
218 220
218 221
218 223
218 347
219 220
219 221
219 222
219 223
219 224
220 221
220 222
220 224
220 225
220 238
221 222
221 223
221 224
221 225
221 226
222 223
222 224
222 225
222 226
222 227
222 588
223 224
223 225
223 226
223 227
223 228
224 225
224 226
224 227
224 228
224 229
225 226
225 228
225 229
225 375
225 888
226 228
226 229
226 231
226 846
226 774
227 228
227 229
227 230
227 232
227 661
228 229
228 230
228 231
228 233
228 357
228 498
229 230
229 231
229 232
229 233
229 571
230 231
230 232
230 233
230 234
230 235
231 232
231 233
231 234
231 235
231 236
231 902
232 233
232 234
232 235
232 236
232 639
233 234
233 235
233 236
233 237
233 238
234 235
234 236
234 237
234 238
234 239
234 847
235 236
235 237
235 238
235 239
235 240
236 238
236 239
236 240
236 241
236 305
237 239
237 240
237 241
237 242
237 415
237 915
238 239
238 240
238 504
238 732
238 671
239 240
239 241
239 242
239 243
239 244
239 738
240 241
240 242
240 243
240 244
240 245
240 641
240 480
241 242
241 243
241 245
241 246
242 244
242 245
242 246
242 247
242 503
242 907
243 244
243 245
243 246
243 247
243 248
244 245
244 247
244 249
244 698
245 246
245 247
245 248
245 249
245 250
246 247
246 250
246 251
246 257
247 248
247 249
247 250
247 252
247 702
248 249
248 252
248 253
248 654
248 321
249 250
249 252
249 253
249 537
249 437
249 939
250 251
250 252
250 253
250 255
250 722
250 682
251 252
251 253
251 254
251 255
251 256
251 777
252 254
252 255
252 256
252 257
252 460
253 254
253 256
253 257
253 258
253 633
254 256
254 257
254 258
254 259
254 547
255 256
255 257
255 258
255 259
255 260
256 257
256 258
256 259
256 260
256 261
257 258
257 259
257 260
257 261
257 262
258 259
258 260
258 261
258 262
258 263
259 260
259 261
259 262
259 263
259 264
260 261
260 262
260 263
260 264
260 265
260 347
261 262
261 263
261 264
261 265
261 266
261 597
262 263
262 265
262 266
262 267
263 264
263 265
263 266
263 267
263 268
263 350
263 605
264 265
264 266
264 267
264 268
264 269
265 266
265 267
265 268
265 269
265 840
266 267
266 268
266 269
266 270
266 271
267 268
267 269
267 270
267 271
267 272
267 714
268 269
268 270
268 272
268 273
268 283
268 516
268 381
269 270
269 271
269 272
269 273
269 274
270 271
270 272
270 273
270 274
270 275
271 272
271 273
271 274
271 275
271 276
272 274
272 275
272 276
272 277
272 648
272 669
273 274
273 275
273 276
273 277
273 347
273 715
273 663
274 275
274 276
274 277
274 278
274 279
275 276
275 277
275 278
275 279
275 280
276 277
276 278
276 279
276 280
276 281
276 423
277 278
277 279
277 281
277 282
278 280
278 281
278 282
278 283
278 727
279 280
279 281
279 282
279 283
279 284
279 454
280 281
280 283
280 284
280 285
280 427
280 873
281 282
281 284
281 285
281 286
281 913
282 283
282 284
282 285
282 286
282 287
283 284
283 285
283 286
283 287
283 288
283 319
283 759
284 285
284 286
284 287
284 288
284 289
284 579
285 286
285 287
285 288
285 289
285 290
285 475
286 287
286 288
286 289
286 290
286 291
287 288
287 289
287 290
287 291
287 292
287 712
288 289
288 290
288 291
288 292
288 293
289 290
289 291
289 292
289 293
289 294
290 291
290 292
290 293
290 295
290 769
290 414
291 292
291 293
291 294
291 295
291 296
292 294
292 295
292 297
292 763
293 295
293 296
293 297
293 298
293 998
293 366
294 296
294 297
294 298
294 299
294 520
294 503
294 326
295 296
295 297
295 298
295 300
295 589
296 297
296 298
296 299
296 300
296 301
297 298
297 299
297 301
297 302
297 355
298 299
298 300
298 301
298 302
298 303
299 300
299 302
299 303
299 304
299 950
300 301
300 302
300 303
300 304
301 302
301 304
301 305
301 306
301 694
302 303
302 304
302 305
302 306
302 602
303 304
303 305
303 307
303 308
303 330
304 305
304 306
304 307
304 308
304 309
304 903
305 306
305 308
305 309
305 310
306 307
306 308
306 309
306 311
306 654
307 308
307 310
307 311
307 312
307 479
307 694
307 454
308 310
308 311
308 312
308 313
308 972
309 310
309 313
309 314
309 730
309 407
309 930
310 312
310 313
310 314
310 315
310 592
310 367
311 312
311 313
311 314
311 315
311 316
312 313
312 314
312 315
312 316
312 317
312 855
313 315
313 316
313 317
313 318
313 406
314 315
314 316
314 317
314 474
314 724
315 316
315 317
315 320
315 422
315 476
316 317
316 318
316 319
316 320
316 510
317 318
317 319
317 320
317 321
317 322
317 343
318 319
318 320
318 321
318 322
318 323
318 559
319 320
319 322
319 323
319 324
320 321
320 322
320 323
320 324
320 325
320 468
320 830
321 322
321 323
321 325
321 326
321 435
321 458
321 879
322 323
322 324
322 325
322 326
322 327
322 509
322 487
323 324
323 325
323 326
323 327
323 328
323 992
323 458
324 325
324 326
324 327
324 328
324 329
325 326
325 327
325 328
325 329
325 330
326 328
326 330
326 717
326 889
326 526
327 328
327 329
327 330
327 332
328 329
328 330
328 331
328 332
328 333
328 813
329 330
329 331
329 332
329 594
329 717
329 720
330 331
330 332
330 333
330 335
330 622
331 332
331 333
331 334
331 335
331 336
332 333
332 334
332 335
332 336
332 337
333 334
333 335
333 336
333 337
333 338
334 336
334 337
334 338
334 339
334 861
334 795
335 336
335 337
335 338
335 339
335 340
335 661
336 338
336 339
336 341
336 391
336 802
337 340
337 341
337 342
337 645
338 339
338 340
338 341
338 342
338 343
339 340
339 341
339 342
339 343
339 344
339 431
339 671
340 341
340 342
340 343
340 344
340 345
341 342
341 343
341 344
341 345
341 346
341 921
341 883
342 343
342 344
342 345
342 346
342 359
343 344
343 345
343 346
343 347
343 966
344 346
344 347
344 348
344 349
344 517
345 346
345 347
345 348
345 349
345 350
346 347
346 348
346 349
346 350
346 351
346 519
347 349
347 350
347 351
348 350
348 351
348 352
348 353
348 586
349 350
349 351
349 352
349 353
349 354
350 352
350 354
350 355
350 507
350 684
351 352
351 353
351 354
351 355
351 356
352 354
352 355
352 356
352 357
353 354
353 355
353 356
353 357
354 355
354 356
354 357
354 358
354 359
355 356
355 357
355 358
355 359
355 360
356 357
356 359
356 360
356 361
356 896
357 358
357 359
357 360
357 361
357 362
358 359
358 360
358 361
358 362
358 363
359 360
359 361
359 362
359 451
360 361
360 362
360 364
360 365
360 918
361 363
361 364
361 365
361 366
361 655
362 363
362 364
362 365
362 366
362 367
363 364
363 365
363 366
363 367
363 368
364 365
364 366
364 367
364 368
364 369
365 366
365 367
365 368
365 369
365 370
366 367
366 369
366 370
366 371
367 370
367 371
367 372
367 759
367 742
368 369
368 370
368 371
368 372
368 373
369 370
369 371
369 372
369 373
369 374
369 434
370 371
370 372
370 373
370 374
370 759
371 372
371 373
371 374
371 375
371 376
371 745
372 373
372 376
372 377
372 517
372 630
373 374
373 375
373 376
373 377
373 378
373 423
373 640
374 376
374 377
374 378
374 379
374 736
375 376
375 377
375 379
375 380
375 533
375 998
376 378
376 379
376 380
376 381
376 553
377 378
377 379
377 380
377 381
377 481
377 738
378 379
378 380
378 381
378 383
379 380
379 381
379 382
379 383
379 384
380 381
380 382
380 383
380 385
380 857
381 382
381 383
381 384
381 386
382 383
382 384
382 385
382 386
382 387
383 385
383 386
383 387
383 388
383 522
384 385
384 386
384 387
384 388
384 389
384 557
385 386
385 387
385 388
385 389
385 390
386 387
386 388
386 389
386 391
386 607
387 388
387 389
387 390
387 391
387 392
387 563
388 389
388 390
388 392
388 946
389 390
389 391
389 392
389 394
389 966
390 391
390 392
390 393
390 394
390 395
391 394
391 395
391 396
391 884
392 393
392 395
392 396
392 397
392 676
393 394
393 395
393 396
393 397
393 398
393 670
393 575
394 395
394 396
394 397
394 398
394 399
394 738
395 396
395 397
395 398
395 399
395 400
395 617
396 397
396 398
396 399
396 400
396 401
397 398
397 399
397 401
397 402
397 453
398 399
398 400
398 401
398 402
398 403
399 400
399 401
399 402
399 403
399 404
400 401
400 402
400 403
400 404
400 405
401 402
401 403
401 404
401 405
401 406
401 550
402 403
402 404
402 405
402 407
402 904
403 404
403 406
403 407
403 408
403 647
404 405
404 406
404 407
404 408
404 409
405 406
405 407
405 408
405 409
405 410
406 407
406 408
406 409
406 411
406 580
407 408
407 409
407 410
407 411
407 412
408 409
408 410
408 411
408 412
408 413
408 508
409 410
409 411
409 412
409 414
409 497
410 411
410 412
410 413
410 414
410 415
411 412
411 413
411 414
411 415
411 416
412 413
412 414
412 415
412 416
412 417
413 415
413 416
413 417
413 418
413 724
414 415
414 416
414 417
414 418
414 419
415 416
415 417
415 418
415 419
415 420
416 417
416 418
416 419
416 420
416 421
417 418
417 419
417 420
417 421
417 422
418 419
418 420
418 421
418 422
418 719
418 791
419 420
419 421
419 422
419 423
419 424
419 462
420 423
420 424
420 425
420 957
420 689
421 422
421 423
421 424
421 425
421 426
421 870
422 423
422 424
422 425
422 427
422 529
423 424
423 425
423 427
424 425
424 427
424 428
424 495
425 426
425 427
425 428
425 429
425 430
425 736
426 427
426 428
426 429
426 430
426 431
427 428
427 429
427 430
427 431
427 432
428 430
428 431
428 432
428 433
428 434
429 430
429 431
429 433
429 434
429 537
430 431
430 432
430 433
430 434
430 435
431 432
431 434
431 436
431 715
432 433
432 434
432 435
432 437
432 746
432 701
433 434
433 435
433 436
434 435
434 436
434 438
434 439
435 438
435 439
435 440
436 437
436 438
436 439
436 440
436 441
437 438
437 440
437 441
437 460
438 439
438 440
438 441
438 442
438 443
439 440
439 441
439 442
439 443
439 444
440 441
440 442
440 443
440 444
440 445
441 442
441 443
441 444
441 445
441 446
442 443
442 444
442 445
442 446
442 447
443 444
443 445
443 448
443 706
443 575
444 445
444 446
444 447
444 448
444 449
445 446
445 447
445 448
445 449
445 450
445 546
446 447
446 449
446 450
446 451
446 725
447 448
447 449
447 450
447 451
447 452
448 449
448 450
448 452
448 453
449 450
449 451
449 452
449 453
449 454
450 452
450 453
450 454
450 455
451 452
451 453
451 454
451 455
451 456
452 453
452 454
452 455
452 456
452 622
452 919
453 455
453 456
453 457
453 458
453 570
454 455
454 456
454 458
455 456
455 457
455 458
455 459
455 460
456 457
456 458
456 459
456 461
456 813
457 458
457 460
457 461
457 462
457 617
457 660
458 459
458 461
458 463
458 741
459 460
459 461
459 462
459 463
459 464
460 461
460 462
460 463
460 464
460 465
461 463
461 464
461 465
461 466
461 959
462 463
462 464
462 465
462 466
463 464
463 466
463 467
463 468
464 465
464 466
464 467
464 468
464 469
465 466
465 467
465 469
465 470
465 777
466 467
466 468
466 469
466 470
466 779
467 468
467 469
467 470
467 471
467 472
468 469
468 471
468 472
468 473
469 470
469 471
469 472
469 474
469 916
470 471
470 472
470 473
470 474
470 475
471 472
471 473
471 474
471 475
471 476
472 473
472 474
472 475
472 476
472 477
472 658
472 696
473 474
473 475
473 476
473 477
474 475
474 476
474 477
474 479
475 476
475 477
475 479
475 480
476 477
476 478
476 479
476 480
476 481
477 478
477 479
477 480
477 481
477 482
478 479
478 480
478 481
478 482
478 483
478 562
479 481
479 484
480 481
480 482
480 483
480 484
481 483
481 485
481 486
481 563
482 483
482 484
482 485
482 486
482 487
483 484
483 485
483 486
483 487
483 488
484 485
484 486
484 487
484 488
484 489
485 486
485 487
485 488
485 489
485 490
485 751
485 991
486 487
486 488
486 489
486 490
486 491
487 488
487 489
487 491
487 492
488 489
488 490
488 491
488 492
488 493
488 664
489 490
489 491
489 492
489 493
489 494
490 491
490 492
490 493
490 494
490 495
491 492
491 493
491 494
491 495
491 496
492 493
492 494
492 495
492 496
492 497
493 494
493 495
493 496
493 497
494 495
494 496
494 497
494 498
494 499
495 496
495 497
495 498
495 499
495 500
495 513
496 497
496 498
496 499
496 500
496 666
497 498
497 499
497 500
497 501
497 502
497 925
498 499
498 500
498 501
498 503
499 500
499 501
499 502
499 503
499 504
500 501
500 502
500 503
500 504
500 505
501 503
501 506
501 588
501 867
502 503
502 505
502 507
502 542
503 504
503 505
503 506
503 508
503 553
504 505
504 506
504 507
504 509
505 506
505 507
505 508
505 509
505 510
506 507
506 508
506 509
506 510
506 511
507 508
507 509
507 510
507 511
507 512
508 509
508 510
508 512
508 513
509 511
509 512
509 513
509 514
510 511
510 512
510 513
510 514
510 515
511 512
511 514
511 515
511 609
512 513
512 514
512 515
512 516
512 517
512 741
513 515
513 516
513 517
513 518
514 515
514 517
514 518
514 519
514 824
515 517
515 518
515 519
515 520
515 717
516 517
516 518
516 520
516 521
516 831
517 518
517 520
517 521
517 522
517 661
518 520
518 522
518 523
518 993
518 850
518 692
519 520
519 522
519 523
520 521
520 522
520 523
520 524
520 525
521 522
521 523
521 524
521 526
521 572
522 523
522 524
522 525
522 526
522 527
523 525
523 526
523 527
523 528
523 769
524 525
524 526
524 527
524 529
524 666
524 719
525 526
525 528
525 529
525 530
525 555
525 695
526 527
526 528
526 530
526 531
526 930
527 528
527 529
527 531
527 532
527 658
528 529
528 530
528 531
528 532
528 533
528 874
528 595
529 530
529 531
529 533
529 534
529 611
530 531
530 532
530 533
530 534
530 535
531 532
531 533
531 534
531 535
531 536
532 533
532 534
532 535
532 536
532 537
533 534
533 536
533 537
533 538
534 535
534 537
534 538
534 539
535 536
535 537
535 538
535 539
535 868
536 537
536 538
536 539
536 861
536 924
536 959
537 538
537 539
537 540
537 541
537 542
538 539
538 540
538 541
538 542
538 543
539 540
539 541
539 542
539 543
539 544
540 541
540 542
540 544
540 545
540 877
541 542
541 543
541 544
541 545
541 546
542 543
542 544
542 545
542 546
542 547
543 544
543 545
543 546
543 547
543 548
543 838
544 545
544 546
544 547
544 548
544 549
544 603
544 679
545 546
545 547
545 548
545 549
545 550
545 886
545 696
546 547
546 548
546 549
546 551
547 548
547 549
547 550
547 551
547 552
548 549
548 550
548 551
548 552
548 553
548 702
548 585
549 550
549 552
549 553
549 554
549 818
550 551
550 552
550 553
550 554
550 740
551 552
551 553
551 554
551 555
551 556
551 593
552 553
552 554
552 555
552 556
552 557
553 554
553 555
553 556
553 557
553 665
553 874
554 555
554 556
554 557
554 558
554 559
554 624
554 714
554 807
555 556
555 557
555 558
555 559
555 560
555 601
556 558
556 559
556 560
556 561
556 612
557 558
557 559
557 560
557 562
558 559
558 560
558 561
558 562
558 563
559 560
559 561
559 562
559 563
560 562
560 563
560 564
560 565
560 682
561 562
561 563
561 564
561 565
561 566
562 564
562 565
562 566
562 567
563 564
563 566
563 567
563 568
564 565
564 567
564 568
564 569
564 711
565 566
565 567
565 568
565 569
565 570
565 636
566 567
566 568
566 569
566 570
566 571
566 802
567 568
567 569
567 570
567 571
567 572
568 569
568 571
568 572
568 573
568 814
569 570
569 571
569 573
569 574
569 611
570 571
570 572
570 573
570 575
570 862
571 572
571 573
571 575
571 576
571 762
572 573
572 574
572 575
572 576
572 577
573 574
573 575
573 576
573 577
573 578
574 575
574 576
574 578
574 579
575 577
575 578
575 580
575 982
575 864
576 577
576 578
576 580
576 601
576 873
577 578
577 580
577 582
577 635
578 579
578 582
578 583
578 997
578 813
579 580
579 581
579 582
579 584
580 581
580 582
580 583
580 584
580 585
581 582
581 584
581 586
581 658
581 991
582 583
582 584
582 585
582 586
582 587
583 584
583 585
583 586
583 587
583 588
584 585
584 586
584 587
584 588
584 589
585 586
585 587
585 589
585 590
586 587
586 589
586 590
586 591
587 588
587 589
587 590
587 592
588 589
588 590
588 591
588 592
588 647
588 790
589 590
589 591
589 592
589 593
589 594
590 591
590 592
590 593
590 594
590 595
590 923
591 592
591 593
591 594
591 595
591 596
592 593
592 594
592 595
592 596
592 597
593 594
593 595
593 597
593 598
594 595
594 596
594 597
594 598
594 599
595 596
595 597
595 599
595 600
596 597
596 598
596 599
596 600
596 601
597 598
597 599
597 600
597 601
597 807
598 599
598 600
598 601
598 602
598 606
599 600
599 601
599 602
599 603
599 604
600 603
600 604
600 605
600 690
601 602
601 603
601 605
601 606
602 604
602 605
602 606
602 607
603 604
603 606
603 608
603 910
603 972
604 605
604 606
604 607
604 608
604 686
605 606
605 608
605 610
605 817
606 608
606 609
606 610
606 611
607 608
607 610
607 611
607 612
607 787
608 609
608 610
608 611
608 612
608 884
609 610
609 611
609 612
609 613
609 775
610 612
610 613
610 614
610 615
611 612
611 613
611 614
611 615
611 616
612 613
612 614
612 615
612 616
612 617
613 614
613 615
613 616
613 617
613 618
613 971
614 615
614 616
614 617
614 618
614 619
615 616
615 617
615 619
615 893
615 624
616 617
616 618
616 619
616 620
616 621
617 618
617 620
617 622
618 619
618 621
618 622
618 623
618 722
619 620
619 621
619 622
619 623
619 624
620 621
620 622
620 623
620 625
620 675
621 622
621 623
621 624
621 625
621 626
622 623
622 625
622 626
622 627
623 624
623 625
623 626
623 627
623 628
624 627
624 628
624 629
624 912
625 626
625 627
625 628
625 629
625 630
626 627
626 629
626 630
626 631
626 969
627 628
627 629
627 630
627 631
627 632
628 629
628 630
628 632
628 633
628 743
629 630
629 631
629 632
629 633
629 634
630 631
630 632
630 634
630 635
630 790
631 632
631 634
631 635
631 636
631 999
632 633
632 634
632 635
632 637
632 793
633 634
633 636
633 637
633 638
633 653
634 635
634 636
634 637
634 638
634 639
635 636
635 637
635 638
635 640
635 997
636 637
636 638
636 640
636 641
636 668
637 638
637 639
637 640
637 641
637 874
638 640
638 641
638 642
638 643
638 683
638 893
639 640
639 641
639 642
639 643
639 644
640 641
640 642
640 643
640 644
641 643
641 646
641 721
641 719
642 643
642 644
642 645
642 646
642 647
643 644
643 645
643 646
643 647
643 648
644 646
644 647
644 648
644 884
645 646
645 647
645 648
645 649
645 650
646 648
646 649
646 650
646 651
647 649
647 650
647 651
647 652
648 649
648 650
648 651
648 652
648 653
649 650
649 651
649 652
649 653
649 654
649 665
650 651
650 652
650 653
650 654
650 655
651 652
651 653
651 654
651 655
651 656
652 653
652 654
652 656
652 657
653 654
653 655
653 656
653 657
653 658
654 655
654 656
654 657
654 658
654 659
655 656
655 657
655 659
655 707
656 657
656 658
656 659
656 660
656 661
657 659
657 660
657 661
657 662
658 660
658 661
658 662
659 660
659 661
659 662
659 663
659 664
660 661
660 662
660 663
660 664
661 662
661 664
661 665
661 666
661 942
662 663
662 664
662 665
662 666
662 667
663 664
663 665
663 666
663 667
663 668
664 666
664 667
664 668
664 669
665 666
665 668
665 669
666 667
666 668
666 669
666 670
666 671
667 668
667 669
667 670
667 671
667 672
668 669
668 670
668 671
668 673
669 670
669 672
669 673
669 674
670 671
670 674
670 675
670 879
671 672
671 673
671 880
672 673
672 674
672 675
672 676
672 677
673 674
673 675
673 676
673 677
673 678
674 675
674 676
674 677
674 678
674 679
675 676
675 677
675 678
675 679
675 680
676 677
676 678
676 680
676 681
677 678
677 679
677 680
677 681
677 682
678 679
678 680
678 681
678 682
678 683
678 724
679 682
679 683
679 684
679 859
679 924
680 681
680 682
680 683
680 684
680 685
681 682
681 683
681 684
681 685
681 686
682 683
682 684
682 685
682 686
683 684
683 685
683 686
683 687
683 688
684 685
684 686
684 687
684 689
685 686
685 687
685 689
685 690
685 920
686 687
686 688
686 689
686 691
686 737
687 688
687 689
687 690
687 691
687 692
687 779
688 689
688 690
688 691
688 692
688 693
689 690
689 692
689 693
689 694
689 937
690 691
690 693
690 694
690 695
690 953
691 692
691 693
691 694
691 695
691 696
692 694
692 696
692 697
692 733
693 694
693 695
693 696
693 697
693 698
694 695
694 696
694 697
694 698
694 699
694 821
695 697
695 699
695 700
695 967
695 869
696 697
696 698
696 964
697 699
697 700
697 701
697 702
697 832
698 699
698 700
698 701
698 702
698 703
699 701
699 702
699 703
699 704
700 701
700 702
700 703
700 704
700 705
701 702
701 703
701 704
701 705
701 706
702 704
702 705
702 707
703 704
703 705
703 707
703 708
703 994
704 705
704 706
704 707
704 708
704 709
705 706
705 707
705 708
705 709
705 710
706 707
706 708
706 709
706 710
706 711
707 708
707 709
707 710
707 711
707 712
708 709
708 710
708 711
708 712
708 713
709 710
709 711
709 712
709 713
709 714
710 711
710 712
710 713
710 714
710 715
710 906
711 712
711 713
711 714
711 715
711 716
712 713
712 714
712 715
712 716
712 754
713 714
713 715
713 716
713 718
713 874
714 715
714 717
714 719
715 716
715 717
715 719
715 720
716 717
716 719
716 720
716 721
716 747
717 718
717 719
717 720
717 721
717 722
718 719
718 720
718 721
718 722
718 723
719 720
719 722
719 723
719 808
720 721
720 722
720 723
720 724
720 796
721 723
721 724
721 725
721 726
722 723
722 724
722 726
722 727
722 749
723 724
723 725
723 726
723 728
723 932
723 742
724 725
724 726
724 728
724 729
725 726
725 728
725 729
725 730
725 871
726 727
726 728
726 730
726 900
727 728
727 729
727 731
727 732
727 755
728 729
728 730
728 731
728 732
728 733
729 730
729 732
729 733
729 734
729 894
730 731
730 732
730 733
730 734
730 735
731 732
731 733
731 734
731 735
731 736
732 733
732 734
732 735
732 736
732 737
733 734
733 735
733 736
733 737
733 738
733 864
734 735
734 736
734 737
734 738
734 739
735 736
735 737
735 738
735 739
735 740
736 737
736 738
736 739
736 740
736 802
737 738
737 739
737 740
737 742
738 741
738 742
738 750
739 740
739 741
739 742
739 743
739 744
739 837
740 741
740 742
740 743
740 744
741 742
741 744
741 746
742 744
742 745
742 746
743 744
743 745
743 747
743 748
744 745
744 746
744 747
744 748
744 749
745 746
745 747
745 748
745 972
746 747
746 749
746 751
747 748
747 749
747 750
747 751
748 749
748 750
748 752
748 753
748 885
749 750
749 751
749 752
749 753
749 989
750 751
750 752
750 753
750 754
750 755
751 753
751 754
751 755
751 756
752 753
752 754
752 755
752 756
752 757
753 754
753 755
753 756
753 757
753 758
753 983
754 755
754 756
754 758
754 759
755 756
755 757
755 758
755 759
755 760
756 757
756 758
756 759
756 760
756 761
757 758
757 759
757 760
757 761
757 762
757 910
758 759
758 760
758 762
758 763
758 936
758 876
759 760
759 762
759 763
759 764
760 761
760 762
760 763
760 764
760 765
761 762
761 763
761 764
761 765
761 766
762 763
762 764
762 765
762 766
762 767
763 764
763 765
763 766
763 767
763 768
764 765
764 766
764 767
765 766
765 767
765 768
765 769
765 770
766 767
766 768
766 769
766 770
766 771
767 768
767 769
767 770
767 771
768 769
768 770
768 771
768 772
768 773
768 843
769 771
769 772
769 773
770 771
770 772
770 774
770 775
771 772
771 773
771 774
771 775
771 776
772 773
772 774
772 775
772 776
772 777
773 774
773 775
773 776
773 777
773 778
774 775
774 776
774 777
774 778
774 779
775 777
775 778
775 780
775 871
776 777
776 778
776 779
776 781
776 788
777 778
777 779
777 780
778 779
778 780
778 781
778 783
778 989
779 780
779 781
779 782
779 783
780 781
780 782
780 783
780 784
780 785
781 782
781 783
781 784
781 785
781 786
782 783
782 784
782 785
782 786
782 787
783 784
783 785
783 786
783 787
783 788
784 785
784 786
784 787
784 788
784 789
785 786
785 787
785 788
785 789
785 790
785 928
786 787
786 788
786 789
786 790
786 791
787 788
787 789
787 790
787 791
787 792
788 789
788 790
788 791
788 792
788 793
788 892
789 790
789 791
789 792
789 793
789 794
790 792
790 793
790 794
790 795
791 792
791 793
791 795
791 796
792 793
792 794
792 795
792 797
792 867
793 794
793 795
793 796
793 797
793 798
794 795
794 796
794 797
794 798
794 799
795 797
795 798
795 800
795 826
796 797
796 799
796 800
796 801
797 798
797 799
797 800
797 801
797 802
798 799
798 800
798 801
798 802
798 803
799 800
799 801
799 802
799 803
799 804
800 801
800 802
800 803
800 804
800 805
801 802
801 804
801 805
801 806
802 803
802 805
802 806
803 804
803 805
803 806
803 807
803 808
804 805
804 806
804 807
804 808
804 809
805 806
805 807
805 808
805 809
805 810
806 807
806 808
806 810
806 811
806 903
807 808
807 810
807 811
808 810
808 811
808 812
808 813
809 810
809 811
809 812
809 813
809 969
809 841
810 811
810 812
810 813
810 814
810 815
811 812
811 813
811 814
811 815
811 816
812 813
812 814
812 815
812 816
812 817
813 814
813 816
813 817
813 818
814 815
814 816
814 817
814 818
814 819
815 816
815 817
815 819
815 820
815 947
816 817
816 819
816 821
816 870
817 818
817 819
817 820
817 821
817 822
818 819
818 820
818 821
818 822
818 823
819 820
819 821
819 822
819 823
819 824
820 821
820 822
820 823
820 824
820 825
821 823
821 824
821 825
821 826
822 823
822 824
822 825
822 827
823 824
823 825
823 826
823 827
823 828
824 825
824 826
824 827
824 828
824 829
824 961
825 826
825 827
825 828
825 830
825 846
826 827
826 828
826 829
826 830
826 831
827 828
827 829
827 830
827 831
827 832
828 829
828 830
828 831
828 832
828 833
829 830
829 831
829 832
829 833
829 834
830 831
830 832
830 833
830 835
831 832
831 833
831 835
831 836
832 833
832 834
832 835
832 836
832 837
833 834
833 835
833 836
833 837
833 838
834 836
834 837
834 838
834 839
835 836
835 837
835 838
835 839
835 840
836 837
836 838
836 839
836 840
836 841
837 838
837 840
837 841
837 842
837 940
838 839
838 840
838 842
838 843
839 840
839 841
839 842
839 843
839 844
840 841
840 842
840 843
840 844
840 845
841 842
841 843
841 844
841 845
841 846
842 843
842 844
842 845
842 847
843 844
843 845
843 847
843 922
844 845
844 846
844 847
844 848
844 849
845 846
845 847
845 848
845 849
845 850
846 847
846 848
846 849
846 850
846 851
847 848
847 849
847 850
847 852
848 849
848 850
848 851
848 852
848 853
849 850
849 852
849 853
849 854
849 963
850 851
850 852
850 853
850 854
850 855
850 907
851 852
851 854
851 855
851 856
851 954
852 853
852 855
852 856
852 857
852 994
853 854
853 855
853 857
853 858
854 855
854 856
854 857
854 858
854 859
855 856
855 857
855 858
855 859
856 858
856 859
856 860
856 861
856 892
857 858
857 859
857 860
857 861
857 862
858 859
858 860
858 861
858 862
858 863
858 950
859 860
859 862
859 863
859 864
860 861
860 862
860 863
860 864
860 865
861 862
861 863
861 864
861 865
861 866
862 863
862 864
862 865
862 866
863 865
863 866
863 867
863 868
864 866
864 868
864 869
865 866
865 867
865 868
865 869
865 870
866 867
866 868
866 869
866 870
866 871
867 868
867 869
867 870
867 968
868 869
868 870
868 871
868 872
868 873
869 871
869 872
869 873
869 874
870 871
870 872
870 873
870 875
870 929
871 872
871 873
871 874
871 875
871 876
872 873
872 874
872 875
872 876
872 877
873 875
873 876
873 878
874 875
874 878
874 879
875 876
875 877
875 878
875 879
875 880
876 877
876 878
876 880
876 881
876 985
877 878
877 879
877 880
877 881
877 882
878 879
878 880
878 881
878 882
878 883
879 880
879 881
879 884
880 881
880 882
880 883
880 884
880 963
881 882
881 883
881 884
881 885
881 886
882 883
882 884
882 885
882 886
882 887
883 884
883 885
883 886
883 888
884 885
884 886
884 887
884 889
885 886
885 887
885 888
885 889
885 890
886 888
886 889
886 890
886 891
887 888
887 889
887 890
887 891
887 892
888 889
888 890
888 891
888 892
888 893
889 891
889 892
889 893
889 894
890 891
890 892
890 893
890 894
890 895
891 892
891 893
891 894
891 895
891 896
892 894
892 895
892 896
892 897
893 894
893 896
893 898
894 895
894 896
894 897
894 898
894 899
895 896
895 897
895 898
895 899
895 900
896 897
896 898
896 899
896 900
896 901
897 898
897 899
897 900
897 901
897 902
898 899
898 900
898 901
898 902
898 903
899 900
899 901
899 902
899 903
899 904
900 901
900 902
900 903
900 904
900 905
901 903
901 904
901 905
901 906
902 905
902 907
902 989
903 904
903 905
903 906
903 908
904 905
904 906
904 907
904 908
904 909
905 906
905 907
905 908
905 909
905 910
906 907
906 908
906 910
906 966
907 910
907 911
907 912
908 909
908 910
908 911
908 912
908 913
909 910
909 911
909 912
909 913
909 914
910 913
910 914
910 915
911 912
911 913
911 914
911 915
912 913
912 914
912 915
912 916
912 917
913 914
913 915
913 916
913 917
913 918
914 915
914 916
914 917
914 918
914 919
915 916
915 917
915 918
915 919
916 917
916 918
916 919
916 920
916 921
917 918
917 919
917 920
917 921
917 922
918 919
918 920
918 921
918 922
918 923
919 920
919 921
919 923
919 924
920 921
920 922
920 923
920 924
920 925
921 923
921 924
921 925
921 926
922 923
922 925
922 926
922 927
923 924
923 925
923 926
923 927
924 926
924 927
924 928
925 927
925 928
925 929
925 930
926 927
926 928
926 929
926 930
927 928
927 929
927 930
927 931
927 932
927 985
928 929
928 930
928 932
928 933
929 931
929 932
929 933
929 934
929 938
930 931
930 932
930 934
930 935
931 932
931 933
931 934
931 935
931 936
932 933
932 935
932 936
932 937
933 934
933 935
933 936
933 937
933 938
934 935
934 936
934 937
934 938
934 939
935 936
935 937
935 938
935 939
935 940
936 937
936 938
936 939
936 940
936 941
937 938
937 939
937 940
937 941
937 942
938 940
938 941
938 942
938 943
939 940
939 941
939 942
939 943
939 944
940 941
940 942
940 943
940 944
941 942
941 943
941 944
941 945
941 946
942 943
942 944
942 945
942 947
943 944
943 945
943 946
943 948
944 945
944 946
944 947
944 948
944 949
945 946
945 947
945 948
945 949
945 950
946 947
946 948
946 950
946 951
947 948
947 949
947 950
947 951
947 952
948 949
948 950
948 951
948 952
948 953
949 950
949 951
949 952
949 953
949 954
950 951
950 952
950 954
950 955
951 952
951 953
951 954
951 955
951 956
952 953
952 954
952 955
952 956
952 957
953 954
953 955
953 956
953 957
953 958
954 955
954 956
954 957
954 958
954 959
955 956
955 957
955 958
955 959
955 960
956 957
956 958
956 959
956 960
956 961
957 958
957 959
957 960
957 961
957 962
958 959
958 960
958 961
958 962
958 963
959 960
959 961
959 962
959 963
960 961
960 962
960 963
960 964
960 965
961 964
961 965
961 966
962 963
962 964
962 965
962 966
962 967
963 964
963 965
963 966
963 967
963 968
964 965
964 966
964 967
964 968
964 969
965 966
965 967
965 968
965 969
965 970
966 967
966 968
966 970
966 971
967 968
967 969
967 970
967 971
967 972
968 969
968 970
968 972
968 973
969 970
969 972
969 973
969 974
970 971
970 972
970 973
970 974
970 975
971 972
971 973
971 975
971 976
972 973
972 974
972 975
972 977
973 974
973 975
973 976
973 977
973 978
974 975
974 976
974 978
974 979
975 976
975 977
975 978
975 979
975 980
976 978
976 979
976 980
976 981
977 978
977 979
977 980
977 981
977 982
978 979
978 980
978 981
978 982
978 983
979 980
979 981
979 982
979 983
979 984
980 981
980 982
980 983
980 984
980 985
981 982
981 983
981 984
981 985
981 986
982 983
982 985
982 986
982 987
983 984
983 985
983 986
983 988
984 985
984 986
984 987
984 988
984 989
985 986
985 987
985 989
986 987
986 988
986 989
986 990
986 991
987 988
987 989
987 990
987 991
987 992
988 989
988 990
988 991
988 992
988 993
989 990
989 992
989 993
989 994
990 991
990 992
990 993
990 994
990 995
991 992
991 993
991 995
991 996
992 993
992 995
992 996
992 997
993 994
993 995
993 996
993 997
993 998
994 995
994 996
994 997
994 998
994 999
995 996
995 997
995 998
996 997
996 998
996 999
997 998
997 999
998 999
