0 1
0 999
0 2
0 3
0 997
0 4
0 5
0 995
0 6
0 994
0 7
0 993
0 699
0 465
1 2
1 3
1 999
1 4
1 998
1 5
1 6
1 996
1 995
1 8
1 994
1 587
1 908
2 4
2 5
2 999
2 6
2 998
2 7
2 997
2 8
2 9
2 995
2 529
2 838
2 753
2 293
2 448
3 4
3 5
3 6
3 7
3 999
3 8
3 998
3 9
3 997
3 10
3 996
3 160
4 5
4 6
4 7
4 999
4 10
4 998
4 11
4 997
4 24
4 613
5 9
5 10
5 11
5 12
5 998
5 123
5 860
5 344
5 495
6 7
6 8
6 9
6 10
6 11
6 13
6 999
6 884
6 496
6 682
7 8
7 9
7 10
7 11
7 13
7 14
7 434
7 594
7 978
7 104
7 386
7 509
8 9
8 10
8 12
8 13
8 14
8 15
8 712
8 531
8 357
9 12
9 13
9 14
9 15
9 16
9 555
9 667
9 503
10 13
10 15
10 16
10 17
10 776
10 488
10 297
10 782
11 12
11 13
11 14
11 16
11 17
11 18
11 188
11 588
12 14
12 15
12 16
12 17
12 18
12 19
12 221
12 292
12 763
12 587
13 15
13 16
13 18
13 513
13 450
13 577
13 248
14 15
14 18
14 19
14 20
14 21
14 339
14 858
14 183
15 16
15 17
15 19
15 20
15 21
15 114
15 972
15 338
16 17
16 18
16 20
16 22
16 23
16 874
16 505
16 455
16 432
17 18
17 19
17 20
17 21
17 22
17 23
17 24
18 20
18 21
18 23
18 24
18 25
18 197
18 899
18 362
18 751
19 20
19 21
19 22
19 23
19 24
19 25
19 457
20 21
20 24
20 25
20 26
20 27
20 573
20 123
20 283
21 22
21 23
21 24
21 25
21 26
21 706
21 875
21 326
21 836
22 23
22 24
22 25
22 26
22 28
22 29
22 671
22 164
23 25
23 26
23 27
23 28
23 29
23 30
23 860
23 621
23 679
24 25
24 26
24 27
24 28
24 29
24 30
24 31
25 26
25 27
25 30
25 31
25 477
25 164
25 343
25 933
25 349
25 670
26 27
26 30
26 31
26 32
26 33
26 898
26 703
26 843
27 28
27 30
27 31
27 32
27 33
27 34
27 448
27 914
27 746
28 29
28 30
28 32
28 33
28 35
28 365
28 892
28 391
28 958
29 30
29 31
29 32
29 35
29 36
29 833
29 758
29 186
29 836
29 602
30 32
30 33
30 35
30 36
30 453
30 765
30 173
30 434
30 122
30 733
31 33
31 34
31 37
31 201
31 133
31 242
31 462
31 784
31 709
32 33
32 34
32 35
32 36
32 37
32 38
32 39
32 842
32 941
33 34
33 35
33 36
33 38
33 39
33 196
33 859
34 36
34 37
34 39
34 371
34 660
34 639
34 494
34 278
35 36
35 37
35 38
35 39
35 40
35 42
35 818
35 301
35 401
36 39
36 41
36 42
36 43
36 503
36 744
36 675
36 630
36 876
37 39
37 40
37 41
37 42
37 43
37 44
37 62
37 452
38 39
38 40
38 41
38 42
38 44
38 45
38 161
38 525
38 711
39 41
39 42
39 43
39 44
39 46
39 403
39 568
39 630
39 232
40 41
40 42
40 43
40 44
40 45
40 46
40 934
40 64
41 42
41 45
41 46
41 47
41 48
41 992
41 480
41 64
42 43
42 44
42 45
42 46
42 47
42 48
42 376
42 223
42 368
43 44
43 45
43 48
43 50
43 164
43 488
43 945
43 923
44 45
44 46
44 47
44 51
44 295
44 671
44 282
44 123
44 631
44 216
45 46
45 47
45 48
45 49
45 51
45 52
45 627
45 662
45 992
45 254
46 47
46 48
46 49
46 50
46 51
46 53
46 865
46 869
47 48
47 49
47 50
47 51
47 53
47 54
47 756
48 50
48 51
48 52
48 53
48 714
48 641
48 242
48 512
48 291
48 590
49 50
49 51
49 52
49 53
49 54
49 55
49 56
49 473
49 524
49 925
50 51
50 52
50 53
50 54
50 55
50 57
50 171
50 559
50 781
51 52
51 54
51 55
51 56
51 57
51 58
51 784
52 53
52 54
52 55
52 56
52 57
52 58
52 872
53 54
53 55
53 56
53 57
53 60
53 285
53 211
53 523
53 729
53 390
54 55
54 56
54 57
54 59
54 60
54 875
54 235
54 658
55 56
55 57
55 58
55 59
55 61
55 62
55 223
56 57
56 58
56 59
56 60
56 61
56 62
56 63
56 938
56 978
57 58
57 59
57 60
57 61
57 62
57 63
57 64
57 357
58 59
58 60
58 61
58 62
58 63
58 64
58 65
58 649
58 699
59 60
59 61
59 62
59 63
59 64
59 65
59 479
60 62
60 63
60 64
60 65
60 66
60 67
60 236
60 828
61 62
61 63
61 64
61 68
61 785
61 125
61 636
61 130
62 63
62 64
62 65
62 66
62 67
62 68
62 69
62 470
62 522
62 444
62 666
63 65
63 66
63 67
63 68
63 69
63 324
63 186
63 217
63 380
64 66
64 69
64 70
64 71
64 400
64 782
65 66
65 67
65 69
65 70
65 71
65 72
65 294
65 381
65 459
65 977
66 67
66 68
66 70
66 71
66 72
66 73
66 716
67 68
67 69
67 70
67 71
67 73
67 74
67 253
68 69
68 71
68 73
68 74
68 75
68 324
68 362
68 77
68 580
69 71
69 73
69 74
69 75
69 76
69 524
69 573
69 677
70 71
70 72
70 73
70 75
70 76
70 384
70 275
71 72
71 74
71 75
71 77
71 260
71 320
71 275
71 656
71 495
71 79
72 74
72 75
72 76
72 77
72 78
72 79
72 614
72 476
72 732
73 74
73 75
73 76
73 77
73 79
73 80
73 885
74 75
74 76
74 78
74 79
74 80
74 81
74 693
75 76
75 77
75 78
75 79
75 80
75 81
75 82
75 531
75 407
76 77
76 79
76 80
76 81
76 82
76 83
76 396
76 524
76 161
77 79
77 80
77 135
77 160
77 334
77 951
77 523
78 79
78 80
78 81
78 82
78 83
78 84
78 85
79 81
79 83
79 84
79 85
79 86
79 934
79 928
79 180
80 81
80 82
80 83
80 84
80 85
80 86
80 87
81 82
81 83
81 84
81 85
81 86
81 644
81 589
82 83
82 84
82 85
82 86
82 87
82 88
82 89
82 835
82 370
83 84
83 88
83 89
83 90
83 393
83 783
83 736
84 85
84 86
84 89
84 90
84 91
84 514
84 630
85 86
85 87
85 88
85 89
85 91
85 627
85 347
85 922
85 669
86 87
86 88
86 90
86 91
86 92
86 93
86 689
86 540
87 88
87 89
87 91
87 92
87 93
87 94
87 261
88 89
88 90
88 92
88 93
88 95
88 436
88 363
88 881
89 91
89 92
89 93
89 94
89 96
89 475
89 872
89 907
90 91
90 92
90 93
90 94
90 95
90 96
90 97
90 540
90 937
91 93
91 94
91 95
91 96
91 97
91 98
91 309
91 864
91 406
92 93
92 94
92 95
92 96
92 98
92 99
92 455
92 968
92 396
93 95
93 96
93 97
93 98
93 99
93 100
93 172
93 643
94 95
94 96
94 97
94 98
94 99
94 100
94 101
94 621
95 96
95 97
95 99
95 101
95 102
95 529
95 947
96 97
96 98
96 100
96 101
96 102
96 103
96 201
96 936
96 158
96 850
97 98
97 100
97 101
97 102
97 103
97 104
97 199
97 442
97 211
97 139
98 99
98 100
98 101
98 102
98 103
98 104
98 105
98 615
98 282
98 873
98 910
99 100
99 101
99 102
99 103
99 104
99 105
99 106
100 101
100 102
100 103
100 104
100 105
100 107
100 260
100 679
101 103
101 104
101 105
101 106
101 107
101 108
101 990
102 103
102 106
102 107
102 109
102 374
102 632
102 416
102 843
102 311
103 104
103 105
103 106
103 110
103 877
103 746
103 783
104 106
104 107
104 108
104 110
104 111
104 741
104 588
104 138
104 936
105 106
105 108
105 109
105 110
105 111
105 112
105 574
105 578
106 107
106 108
106 109
106 110
106 111
106 112
106 113
106 714
107 108
107 110
107 111
107 112
107 113
107 114
107 910
107 353
108 109
108 110
108 111
108 112
108 113
108 114
108 693
108 345
108 221
109 111
109 112
109 113
109 115
109 116
109 857
109 884
109 609
110 111
110 112
110 114
110 116
110 117
110 658
110 250
110 951
111 113
111 114
111 115
111 116
111 117
111 118
111 620
112 113
112 114
112 115
112 116
112 117
112 118
112 333
112 190
112 460
112 212
112 356
113 114
113 117
113 118
113 119
113 120
113 557
113 148
113 660
114 115
114 117
114 118
114 119
114 121
114 985
114 198
114 381
115 116
115 118
115 119
115 120
115 121
115 122
115 474
115 599
116 117
116 118
116 119
116 121
116 122
116 123
116 364
116 814
116 410
116 201
117 118
117 119
117 120
117 122
117 123
117 124
117 247
117 370
117 465
118 119
118 120
118 121
118 122
118 123
118 125
118 828
118 630
119 120
119 121
119 123
119 124
119 125
119 126
119 603
119 339
120 121
120 122
120 123
120 124
120 125
120 126
120 127
120 716
121 122
121 123
121 124
121 125
121 126
121 127
121 128
121 200
121 718
121 871
122 123
122 124
122 125
122 128
122 129
122 303
122 566
122 244
122 402
122 474
123 124
123 125
123 126
123 128
123 130
123 878
123 786
123 523
123 678
124 125
124 126
124 128
124 129
124 130
124 131
124 702
124 374
125 126
125 128
125 130
125 131
125 724
125 200
125 547
125 571
126 128
126 129
126 130
126 131
126 132
126 887
126 814
127 128
127 129
127 130
127 132
127 133
127 134
127 467
128 129
128 130
128 131
128 132
128 133
128 134
128 757
129 130
129 131
129 132
129 133
129 134
129 135
129 136
130 131
130 132
130 133
130 134
130 135
130 136
130 137
130 873
131 132
131 134
131 135
131 136
131 138
131 685
131 277
131 843
131 324
131 746
132 134
132 136
132 137
132 139
132 565
132 931
132 433
133 134
133 136
133 137
133 138
133 139
133 822
133 771
133 257
133 764
134 135
134 136
134 137
134 138
134 139
134 140
134 141
135 136
135 138
135 139
135 140
135 141
135 142
135 643
135 701
135 407
135 558
136 137
136 138
136 139
136 140
136 142
136 143
136 283
136 808
137 138
137 141
137 142
137 144
137 778
137 406
137 774
138 140
138 141
138 142
138 144
138 145
138 334
139 140
139 141
139 142
139 144
139 145
139 146
139 332
139 863
140 141
140 142
140 143
140 144
140 145
140 146
140 147
140 776
140 707
141 143
141 144
141 145
141 146
141 147
141 148
141 439
141 571
142 143
142 145
142 146
142 148
142 149
142 509
142 513
142 908
142 331
142 647
143 145
143 146
143 147
143 148
143 149
143 353
143 840
143 175
144 145
144 146
144 147
144 148
144 149
144 150
144 151
144 872
144 457
144 543
145 147
145 148
145 150
145 151
145 152
145 330
145 903
146 147
146 148
146 149
146 150
146 151
146 152
146 855
147 148
147 150
147 151
147 154
147 971
147 775
147 396
147 302
148 149
148 150
148 154
148 155
148 617
148 600
148 307
148 893
149 150
149 151
149 152
149 154
149 155
149 156
149 641
149 757
149 540
149 404
150 151
150 155
150 156
150 157
150 748
150 850
150 566
150 292
151 152
151 153
151 154
151 156
151 157
151 190
151 564
151 812
151 955
151 180
152 154
152 155
152 158
152 232
152 496
152 670
152 586
152 428
152 484
153 154
153 155
153 156
153 157
153 158
153 159
153 160
153 282
154 156
154 157
154 158
154 159
154 160
154 161
154 915
154 982
155 156
155 157
155 158
155 159
155 160
155 161
155 162
155 953
156 157
156 158
156 159
156 160
156 162
156 163
156 534
156 866
157 158
157 160
157 161
157 163
157 164
157 929
157 296
157 865
157 542
158 159
158 161
158 162
158 163
158 164
158 165
158 699
159 161
159 162
159 163
159 165
159 677
159 273
159 417
160 161
160 162
160 163
160 164
160 166
160 723
160 651
160 738
161 162
161 163
161 164
161 165
161 166
161 168
161 843
162 163
162 164
162 167
162 169
162 984
162 330
162 296
162 391
163 165
163 166
163 167
163 168
163 169
163 170
163 798
163 797
164 166
164 167
164 168
164 169
164 254
164 679
164 421
164 867
164 537
165 166
165 167
165 168
165 170
165 171
165 656
165 858
165 371
166 167
166 169
166 170
166 171
166 172
166 173
166 599
167 168
167 169
167 170
167 171
167 172
167 173
167 174
168 169
168 171
168 172
168 173
168 174
168 175
168 613
168 231
169 170
169 171
169 172
169 173
169 174
169 175
169 176
169 694
170 171
170 173
170 175
170 176
170 177
170 307
170 452
170 408
171 173
171 174
171 175
171 176
171 178
171 648
171 801
171 426
172 173
172 176
172 177
172 179
172 548
172 882
172 373
172 347
172 409
172 759
173 174
173 175
173 176
173 177
173 178
173 180
173 961
174 175
174 176
174 177
174 180
174 181
174 232
174 299
174 515
174 277
174 354
174 345
175 176
175 177
175 178
175 179
175 180
175 181
175 182
176 177
176 178
176 179
176 180
176 181
176 182
176 183
177 178
177 179
177 180
177 181
177 182
177 183
177 184
177 570
178 179
178 180
178 181
178 182
178 184
178 569
178 183
179 180
179 181
179 182
179 183
179 184
179 185
179 186
180 182
180 184
180 185
180 186
180 187
180 909
180 289
180 368
181 182
181 183
181 184
181 185
181 186
181 188
181 337
181 663
181 385
181 846
182 183
182 184
182 186
182 188
182 189
182 562
182 803
182 675
183 184
183 185
183 187
183 188
183 190
183 689
183 232
184 186
184 187
184 188
184 189
184 190
184 191
184 896
185 186
185 187
185 188
185 189
185 190
185 191
185 192
186 187
186 188
186 189
186 190
186 192
186 193
186 647
186 407
187 189
187 190
187 191
187 193
187 785
187 576
187 412
187 730
188 189
188 192
188 193
188 290
188 710
188 768
189 190
189 191
189 192
189 193
189 194
189 195
189 653
190 192
190 193
190 195
190 196
190 197
190 550
191 192
191 194
191 195
191 196
191 198
191 550
191 917
192 193
192 194
192 196
192 197
192 198
192 199
192 794
192 816
192 387
193 194
193 195
193 196
193 197
193 198
193 726
193 667
193 786
194 196
194 197
194 198
194 199
194 200
194 201
194 980
194 293
194 313
195 196
195 198
195 199
195 200
195 201
195 202
195 617
195 892
195 342
195 287
196 197
196 198
196 200
196 201
196 202
196 383
196 462
197 198
197 199
197 200
197 201
197 202
197 592
197 713
198 200
198 201
198 203
198 707
198 579
198 227
198 434
199 201
199 202
199 203
199 204
199 205
199 206
200 201
200 202
200 204
200 205
200 206
200 207
201 202
201 204
201 205
201 208
201 738
201 629
201 662
201 929
202 204
202 205
202 207
202 208
202 209
202 439
202 633
203 204
203 205
203 206
203 207
203 208
203 209
203 210
204 205
204 206
204 208
204 209
204 211
204 774
204 524
204 533
204 625
204 840
205 207
205 208
205 209
205 210
205 211
205 212
205 976
206 207
206 208
206 209
206 210
206 211
206 212
206 213
206 498
207 208
207 210
207 211
207 212
207 213
207 214
207 288
207 956
207 754
208 209
208 210
208 211
208 213
208 214
208 215
208 424
208 621
208 634
208 290
209 210
209 211
209 212
209 213
209 214
209 215
209 216
210 211
210 213
210 214
210 215
210 217
210 751
210 437
210 735
210 530
210 824
211 212
211 215
211 216
211 217
211 218
212 213
212 214
212 215
212 216
212 218
212 336
212 240
213 215
213 216
213 217
213 218
213 219
213 220
213 404
213 522
213 699
213 969
214 216
214 217
214 218
214 219
214 220
214 221
214 285
214 643
214 821
215 219
215 220
215 221
215 222
215 651
215 832
215 528
215 955
216 217
216 218
216 219
216 220
216 222
216 438
217 219
217 220
217 222
217 223
217 224
217 502
217 308
217 466
218 220
218 221
218 222
218 223
218 224
218 225
218 819
218 734
219 220
219 221
219 222
219 223
219 225
219 260
219 259
219 725
219 861
220 221
220 222
220 223
220 224
220 227
220 641
220 967
221 223
221 224
221 225
221 227
221 600
221 331
222 223
222 224
222 225
222 227
222 228
222 229
222 374
222 325
223 224
223 225
223 226
223 227
223 230
223 303
223 483
224 226
224 227
224 228
224 230
224 231
224 727
224 996
224 510
224 879
224 886
225 226
225 228
225 229
225 230
225 231
225 611
225 414
225 992
225 557
225 382
225 858
225 366
226 227
226 228
226 230
226 232
226 292
226 621
226 423
226 705
227 228
227 229
227 231
227 232
227 233
227 427
227 300
227 388
228 229
228 230
228 231
228 232
228 234
228 235
228 996
229 230
229 232
229 233
229 234
229 235
229 236
229 914
229 578
229 282
230 231
230 232
230 233
230 234
230 235
230 236
230 237
230 441
230 608
231 232
231 233
231 234
231 235
231 385
231 239
232 233
232 234
232 235
232 236
232 237
232 238
232 434
233 234
233 235
233 237
233 238
233 239
233 240
233 673
233 710
233 994
233 886
233 796
234 237
234 238
234 239
234 240
234 241
234 411
234 505
235 236
235 237
235 239
235 240
235 241
235 242
235 377
235 988
236 237
236 238
236 239
236 240
236 241
236 242
236 243
236 891
237 238
237 239
237 241
237 242
237 243
237 244
237 744
238 239
238 240
238 241
238 243
238 244
238 245
238 670
238 666
238 508
239 240
239 241
239 242
239 243
239 244
239 245
239 246
240 241
240 242
240 243
240 246
240 870
240 689
240 516
241 242
241 243
241 244
241 246
241 247
241 248
241 792
241 478
242 243
242 244
242 245
242 246
242 248
242 775
242 522
242 636
243 244
243 245
243 246
243 247
243 248
243 249
243 250
243 817
244 245
244 246
244 247
244 248
244 249
244 250
244 251
245 246
245 247
245 248
245 249
245 250
245 251
245 252
245 401
245 824
246 247
246 249
246 250
246 251
246 252
246 253
246 395
246 782
247 249
247 250
247 251
247 252
247 253
247 254
247 497
247 472
247 978
247 613
248 249
248 250
248 251
248 252
248 254
248 255
248 844
248 539
249 250
249 251
249 252
249 253
249 254
249 256
249 469
250 251
250 253
250 254
250 255
250 256
250 257
250 811
250 662
251 253
251 254
251 255
251 256
251 257
251 587
251 509
251 820
251 948
251 799
252 253
252 254
252 255
252 256
252 257
252 258
252 259
252 378
253 254
253 255
253 257
253 258
253 259
253 301
253 944
253 444
253 518
254 255
254 256
254 257
254 258
254 259
254 261
254 956
255 256
255 257
255 258
255 259
255 261
255 262
255 850
255 277
256 257
256 258
256 259
256 260
256 261
256 263
256 927
256 652
256 714
257 258
257 259
257 260
257 261
257 263
257 264
257 887
257 477
258 259
258 260
258 261
258 262
258 264
258 289
258 379
259 260
259 262
259 263
259 265
259 266
259 611
259 408
260 263
260 264
260 265
260 266
260 267
261 262
261 263
261 264
261 265
261 266
261 267
261 268
262 263
262 264
262 265
262 267
262 268
262 269
262 747
262 620
262 317
263 264
263 265
263 266
263 267
263 269
263 270
263 802
264 265
264 266
264 268
264 269
264 270
264 271
264 911
264 554
265 266
265 267
265 268
265 269
265 270
265 271
265 272
265 664
266 267
266 268
266 269
266 270
266 271
266 272
266 273
266 773
266 948
267 269
267 270
267 271
267 272
267 273
267 274
267 791
267 725
268 269
268 270
268 271
268 272
268 273
268 274
268 275
269 270
269 271
269 272
269 273
269 274
269 275
269 276
269 417
270 272
270 273
270 274
270 275
270 276
270 277
270 365
270 450
270 942
271 272
271 273
271 275
271 276
271 277
271 278
271 502
272 273
272 274
272 275
272 276
272 277
272 278
272 323
272 372
272 955
273 274
273 275
273 276
273 277
273 278
273 280
273 494
274 275
274 276
274 277
274 279
274 280
274 517
274 572
274 582
275 276
275 277
275 278
275 279
275 280
275 281
275 896
275 493
276 278
276 279
276 281
276 282
276 283
276 698
276 579
276 937
277 278
277 279
277 281
277 284
277 654
277 784
277 587
277 494
277 798
278 279
278 280
278 281
278 282
278 283
278 284
278 285
278 565
279 280
279 281
279 282
279 283
279 284
279 285
279 286
279 418
280 281
280 282
280 283
280 284
280 286
280 287
280 983
281 284
281 285
281 287
281 288
281 861
281 772
281 292
282 284
282 286
282 288
282 452
283 284
283 285
283 286
283 288
283 357
284 286
284 287
284 289
284 290
284 291
284 413
284 474
285 287
285 288
285 289
285 290
285 291
285 679
285 803
285 973
286 287
286 288
286 290
286 291
286 292
286 293
286 635
287 289
287 290
287 291
287 292
287 293
287 742
287 671
288 290
288 292
288 293
288 295
288 925
288 685
288 681
289 293
289 294
289 295
289 296
289 847
289 547
289 975
290 291
290 292
290 293
290 294
290 295
290 296
290 633
290 564
291 292
291 293
291 294
291 295
291 297
291 298
291 884
291 413
291 909
291 491
292 293
292 294
292 296
292 926
292 681
292 921
293 294
293 295
293 297
293 298
293 299
294 295
294 298
294 300
294 301
294 821
294 795
294 614
295 297
295 298
295 299
295 300
295 301
295 302
295 951
295 844
295 318
295 808
296 297
296 298
296 299
296 301
296 302
296 415
296 933
297 298
297 299
297 300
297 301
297 302
297 303
297 304
297 390
297 721
297 921
298 299
298 301
298 302
298 303
298 304
298 305
298 999
299 300
299 301
299 302
299 304
299 306
299 394
299 932
300 301
300 302
300 304
300 306
300 307
300 778
300 983
300 543
301 303
301 305
301 307
301 308
301 763
302 304
302 306
302 307
302 308
302 997
302 421
303 304
303 307
303 308
303 309
303 310
303 331
303 891
304 306
304 307
304 308
304 309
304 310
304 311
304 878
304 573
305 306
305 307
305 308
305 310
305 311
305 312
305 650
306 308
306 310
306 311
306 312
306 313
306 453
306 611
307 308
307 309
307 310
307 311
307 312
307 945
307 451
307 760
307 726
307 851
308 309
308 310
308 311
308 312
308 315
308 833
308 775
309 310
309 311
309 312
309 313
309 314
309 315
309 628
310 312
310 313
310 314
310 315
310 317
310 835
310 801
310 419
311 312
311 314
311 315
311 316
311 317
311 318
311 502
311 345
312 313
312 314
312 315
312 316
312 317
312 319
312 442
313 314
313 315
313 316
313 317
313 319
313 320
314 315
314 316
314 318
314 320
314 321
314 334
314 520
315 316
315 318
315 319
315 321
315 322
315 940
315 708
316 317
316 318
316 319
316 320
316 321
316 323
316 332
316 985
316 925
317 318
317 319
317 320
317 321
317 322
317 324
317 874
318 319
318 320
318 321
318 323
318 324
318 866
318 450
319 320
319 321
319 323
319 324
319 326
319 895
319 332
319 625
320 322
320 323
320 324
320 325
320 326
320 409
320 799
320 956
321 322
321 323
321 325
321 326
321 327
321 328
321 389
321 828
322 323
322 324
322 326
322 327
322 328
322 562
322 351
322 528
323 324
323 326
323 327
323 328
323 329
323 330
323 735
324 325
324 326
324 327
324 328
324 329
324 330
325 326
325 327
325 328
325 331
325 332
325 700
325 636
326 327
326 328
326 329
326 332
326 333
326 474
326 759
326 916
327 328
327 329
327 331
327 332
327 333
327 334
327 846
327 674
327 680
328 329
328 330
328 331
328 332
328 333
328 334
328 335
328 849
329 330
329 333
329 334
329 336
329 450
329 494
329 466
329 581
330 331
330 332
330 333
330 334
330 335
330 336
330 337
330 581
330 924
331 333
331 334
331 335
331 336
331 338
331 470
331 403
331 924
331 807
332 335
332 336
332 338
332 697
332 343
332 723
332 509
333 334
333 335
333 337
333 338
333 339
333 443
334 335
334 336
334 337
334 339
334 340
334 579
335 336
335 337
335 338
335 339
335 340
335 341
335 342
335 547
335 800
336 337
336 338
336 339
336 341
336 342
336 343
336 691
337 338
337 340
337 342
337 343
337 855
337 915
337 470
338 339
338 340
338 341
338 342
338 343
338 344
338 345
338 361
339 341
339 342
339 343
339 345
339 346
339 557
339 376
340 341
340 342
340 343
340 344
340 345
340 346
340 347
340 546
341 343
341 344
341 345
341 346
341 347
341 348
341 538
341 706
342 344
342 345
342 347
342 349
342 357
342 596
343 345
343 346
343 347
343 348
343 349
343 350
343 960
343 768
344 345
344 347
344 348
344 349
344 350
344 598
344 519
344 962
344 655
345 346
345 347
345 348
345 349
345 350
345 764
346 347
346 348
346 349
346 350
346 351
346 352
346 353
346 361
346 987
347 348
347 349
347 350
347 352
347 353
347 354
347 740
347 603
347 909
348 349
348 350
348 351
348 353
348 355
348 744
348 511
348 781
349 350
349 351
349 353
349 355
349 356
349 458
350 352
350 353
350 354
350 355
350 356
350 357
350 534
350 749
350 977
351 353
351 354
351 355
351 356
351 419
351 951
351 655
351 546
352 353
352 354
352 355
352 356
352 357
352 358
352 359
352 377
353 354
353 355
353 356
353 357
353 358
353 360
353 779
353 611
353 795
354 355
354 356
354 357
354 358
354 361
354 508
355 356
355 357
355 358
355 359
355 360
355 362
355 683
355 749
356 358
356 359
356 361
356 362
356 560
356 627
356 969
357 359
357 360
357 361
357 364
357 769
357 884
357 539
358 359
358 360
358 361
358 362
358 365
358 594
358 618
358 787
358 830
359 360
359 361
359 362
359 363
359 364
359 365
359 366
359 752
360 361
360 362
360 363
360 365
360 367
360 482
360 857
360 425
361 362
361 366
361 367
361 920
361 948
361 951
362 363
362 364
362 365
362 367
362 368
362 369
363 364
363 365
363 370
363 455
363 754
363 877
363 829
364 366
364 367
364 368
364 369
364 371
364 710
364 920
365 366
365 368
365 369
365 370
365 371
365 597
365 934
365 658
366 367
366 368
366 369
366 370
366 372
366 528
367 369
367 370
367 371
367 372
367 374
367 931
367 652
367 750
368 370
368 372
368 373
368 374
368 497
368 429
369 370
369 371
369 372
369 373
369 375
369 376
369 684
369 979
370 371
370 372
370 373
370 374
370 375
370 377
370 614
371 372
371 373
371 374
371 375
371 377
371 504
372 373
372 374
372 375
372 376
372 377
372 378
372 379
373 374
373 375
373 377
373 380
373 833
373 547
373 926
373 961
374 376
374 377
374 378
374 379
374 381
374 488
374 518
374 897
375 376
375 377
375 378
375 380
375 381
375 382
375 878
376 377
376 380
376 381
376 382
376 415
376 397
377 378
377 380
377 381
377 383
377 929
377 691
378 379
378 381
378 382
378 383
378 384
378 385
378 804
379 380
379 381
379 382
379 383
379 384
379 385
379 742
379 866
380 382
380 383
380 384
380 385
380 909
380 463
381 382
381 383
381 384
381 385
381 386
381 387
382 383
382 384
382 385
382 386
382 388
382 389
383 384
383 385
383 386
383 387
383 388
383 389
383 390
384 385
384 388
384 389
384 390
384 659
384 589
384 841
384 398
385 387
385 388
385 389
385 391
385 392
385 664
385 501
386 387
386 388
386 389
386 391
386 393
386 494
387 388
387 391
387 393
387 952
387 506
387 579
388 389
388 391
388 393
388 394
388 395
388 554
388 968
389 390
389 392
389 393
389 394
389 395
389 396
389 721
389 662
390 392
390 393
390 394
390 395
390 396
390 397
390 759
390 652
391 392
391 394
391 395
391 961
391 424
391 524
391 834
392 393
392 396
392 398
392 399
392 624
392 597
392 825
393 394
393 395
393 396
393 397
393 398
393 399
393 400
393 906
394 396
394 397
394 398
394 400
394 401
394 566
395 400
395 401
395 898
395 886
395 868
395 753
396 398
396 399
396 400
396 401
396 402
397 398
397 401
397 402
397 403
397 404
397 685
397 621
398 399
398 400
398 401
398 402
398 403
398 404
399 400
399 401
399 402
399 403
399 404
399 405
399 406
399 986
400 401
400 402
400 403
400 404
400 407
400 986
400 475
400 877
401 402
401 403
401 405
401 406
401 407
401 408
401 667
401 828
402 403
402 404
402 405
402 407
402 408
402 557
402 797
403 404
403 405
403 406
403 409
403 410
403 579
404 405
404 406
404 407
404 408
404 409
404 715
404 960
404 821
405 406
405 407
405 408
405 409
405 410
405 411
405 801
406 407
406 409
406 410
406 411
406 412
406 413
406 604
406 764
407 408
407 409
407 410
407 412
408 409
408 410
408 411
408 413
408 862
409 410
409 411
409 413
409 415
409 416
409 567
409 612
410 411
410 412
410 413
410 415
410 416
410 417
410 494
411 412
411 413
411 414
411 415
411 416
411 417
411 418
411 496
412 413
412 414
412 417
412 418
412 419
412 857
412 981
412 500
413 414
413 415
413 418
413 419
413 420
413 863
413 545
414 415
414 416
414 417
414 418
414 419
414 420
414 421
414 723
415 417
415 418
415 419
415 421
415 422
415 773
415 935
416 417
416 419
416 420
416 422
416 423
416 919
416 743
416 921
417 418
417 419
417 424
417 575
417 844
417 465
417 678
417 564
418 419
418 420
418 421
418 423
418 424
418 425
419 420
419 421
419 423
419 424
419 425
419 426
419 646
419 477
420 421
420 423
420 424
420 425
420 427
420 463
420 749
420 803
421 422
421 425
421 426
421 427
421 428
421 618
422 423
422 424
422 426
422 427
422 428
422 429
422 842
423 424
423 425
423 426
423 427
423 429
423 430
424 426
424 427
424 430
424 431
424 857
424 627
424 820
425 426
425 427
425 428
425 431
425 563
425 683
425 774
426 427
426 428
426 429
426 430
426 431
426 432
426 695
427 428
427 429
427 430
427 431
427 432
427 433
427 434
427 602
428 429
428 430
428 431
428 432
428 433
428 434
428 435
428 715
429 431
429 433
429 434
429 435
429 436
429 655
429 884
430 431
430 432
430 433
430 434
430 435
430 436
430 437
430 991
431 432
431 433
431 435
431 436
431 437
431 438
431 706
431 687
432 433
432 435
432 436
432 437
432 439
432 563
433 434
433 436
433 437
433 438
433 439
433 440
433 694
433 600
433 698
434 435
434 436
434 439
434 441
434 829
434 452
434 471
435 436
435 437
435 438
435 440
435 441
435 442
435 965
436 437
436 438
436 439
436 440
436 441
436 443
436 564
436 759
437 438
437 440
437 441
437 444
437 797
437 620
438 439
438 440
438 441
438 442
438 443
438 444
438 445
439 442
439 443
439 444
439 445
439 446
439 592
439 652
440 441
440 442
440 443
440 444
440 445
440 446
440 447
441 442
441 443
441 444
441 446
441 447
441 953
441 890
442 443
442 444
442 445
442 446
442 447
442 448
442 449
443 446
443 447
443 448
443 449
443 450
443 493
443 638
444 445
444 446
444 448
444 449
444 451
444 580
445 446
445 447
445 448
445 449
445 450
445 451
445 452
445 603
446 447
446 448
446 449
446 451
446 452
446 792
446 658
447 448
447 450
447 451
447 452
447 453
447 454
447 816
448 449
448 451
448 452
448 454
448 709
448 797
449 450
449 451
449 453
449 454
449 455
449 456
449 676
449 974
450 453
450 454
450 455
450 456
450 457
450 772
450 975
451 452
451 453
451 454
451 455
451 457
451 458
451 513
451 557
451 875
452 455
452 456
452 457
452 458
452 459
452 575
453 454
453 455
453 456
453 457
453 458
453 459
453 460
453 854
454 455
454 456
454 457
454 458
454 460
454 461
454 994
455 456
455 457
455 458
455 460
455 461
455 462
455 885
456 457
456 458
456 459
456 460
456 461
456 462
456 463
457 458
457 459
457 460
457 461
457 463
457 965
457 948
458 459
458 460
458 461
458 462
458 463
458 464
458 465
458 577
458 757
459 460
459 461
459 462
459 465
459 466
459 768
460 462
460 463
460 464
460 465
460 466
460 467
460 548
460 494
461 462
461 463
461 464
461 465
461 466
461 467
461 468
461 628
461 958
462 463
462 464
462 465
462 466
462 468
462 469
462 744
462 829
463 464
463 465
463 466
463 467
463 468
463 469
463 470
463 735
463 926
464 465
464 466
464 467
464 469
464 470
464 471
464 606
464 714
465 466
465 467
465 470
465 471
465 653
466 467
466 468
466 469
466 471
466 472
466 473
467 468
467 469
467 470
467 471
467 472
467 473
467 474
467 753
468 471
468 472
468 473
468 474
468 475
468 806
468 506
468 692
468 572
469 470
469 472
469 473
469 474
469 475
469 476
469 511
470 473
470 474
470 475
470 476
470 699
471 472
471 473
471 475
471 477
471 478
471 561
471 498
472 474
472 476
472 477
472 478
472 479
472 855
472 571
472 565
472 513
473 475
473 477
473 478
473 479
473 480
473 598
473 542
474 475
474 476
474 477
474 478
474 479
474 480
475 476
475 477
475 478
475 479
475 481
475 482
475 902
475 945
476 478
476 480
476 481
476 482
476 483
476 749
477 479
477 480
477 481
477 482
477 484
478 479
478 480
478 481
478 483
478 485
478 986
478 911
479 480
479 481
479 482
479 483
479 484
479 485
479 486
479 992
480 481
480 482
480 484
480 485
480 486
480 487
480 539
481 482
481 483
481 484
481 485
481 486
481 487
481 488
481 796
482 483
482 484
482 485
482 486
482 487
482 488
482 489
483 484
483 485
483 487
483 488
483 490
483 855
484 485
484 486
484 487
484 488
484 489
484 490
484 491
484 819
485 486
485 488
485 489
485 490
485 491
485 492
485 496
486 487
486 488
486 489
486 490
486 491
486 492
486 493
487 489
487 490
487 491
487 492
487 493
487 878
487 792
487 820
488 490
488 491
488 493
488 494
488 495
488 789
488 997
489 490
489 491
489 492
489 493
489 494
489 495
489 496
489 800
489 759
490 491
490 492
490 493
490 494
490 495
490 496
490 497
491 492
491 493
491 494
491 495
491 496
491 497
491 498
491 713
492 493
492 494
492 495
492 496
492 497
492 498
492 687
493 494
493 495
493 496
493 497
493 498
493 499
494 495
494 498
494 499
494 752
494 835
495 496
495 497
495 498
495 499
495 500
495 501
495 502
496 497
496 499
496 500
496 501
496 502
497 499
497 500
497 501
497 502
497 503
497 504
498 499
498 500
498 501
498 502
498 505
499 500
499 502
499 503
499 504
499 505
499 506
499 532
500 501
500 502
500 503
500 504
500 505
500 506
500 507
500 729
500 519
501 502
501 503
501 504
501 506
501 507
501 508
501 832
502 503
502 504
502 505
502 506
502 507
502 508
502 509
503 504
503 505
503 507
503 509
503 510
503 551
504 505
504 506
504 507
504 508
504 509
504 510
504 511
504 661
504 555
505 506
505 507
505 508
505 509
505 510
505 511
505 523
506 507
506 508
506 510
506 511
506 512
506 513
506 799
506 849
506 997
507 508
507 509
507 510
507 511
507 512
507 513
507 514
507 976
508 509
508 510
508 511
508 512
508 513
508 514
508 734
509 512
509 513
509 514
509 515
509 906
510 512
510 513
510 516
510 517
510 790
510 987
510 647
510 634
511 512
511 513
511 514
511 515
511 516
511 517
511 518
512 513
512 514
512 515
512 516
512 517
512 518
512 519
512 596
513 514
513 518
513 519
513 520
514 515
514 517
514 519
514 521
514 996
514 980
514 662
514 706
515 516
515 517
515 518
515 520
515 521
515 522
516 517
516 518
516 519
516 520
516 522
516 523
516 824
517 518
517 520
517 521
517 522
517 523
517 524
517 532
517 888
518 519
518 521
518 522
518 523
518 524
518 525
518 650
518 666
519 520
519 522
519 523
519 524
519 668
520 521
520 522
520 523
520 524
520 525
520 526
520 527
521 522
521 523
521 524
521 527
521 528
521 687
521 530
522 524
522 525
522 527
522 529
522 830
523 524
523 525
523 527
523 529
523 530
523 682
524 525
524 526
524 529
524 530
524 531
524 562
524 667
524 827
524 646
525 526
525 527
525 528
525 529
525 531
525 532
526 527
526 528
526 529
526 530
526 531
526 533
526 719
526 802
526 962
527 529
527 530
527 531
527 532
527 533
527 534
527 958
527 732
527 788
528 529
528 530
528 531
528 532
528 533
528 534
528 535
528 826
529 530
529 531
529 532
529 534
529 535
529 536
529 969
529 866
530 531
530 532
530 533
530 534
530 535
530 537
530 837
531 532
531 533
531 536
531 538
531 595
532 533
532 534
532 535
532 536
532 537
532 538
532 539
532 805
532 722
532 645
532 611
533 534
533 535
533 537
533 538
533 539
533 540
534 535
534 536
534 537
534 540
534 541
534 838
534 888
535 537
535 538
535 539
535 540
535 541
535 542
535 554
535 958
536 537
536 538
536 539
536 542
536 543
536 630
536 995
537 538
537 539
537 540
537 542
537 544
537 879
537 740
538 539
538 540
538 541
538 542
538 543
538 544
538 545
539 540
539 541
539 542
539 543
539 544
539 545
540 542
540 544
540 546
540 932
540 891
541 542
541 543
541 544
541 545
541 546
541 547
541 548
541 664
542 544
542 545
542 547
542 735
542 636
543 544
543 545
543 546
543 547
543 548
543 714
544 545
544 546
544 547
544 548
544 549
544 550
544 551
545 546
545 547
545 548
545 549
545 550
545 551
545 552
545 918
546 549
546 550
546 551
546 552
546 553
546 943
547 549
547 550
547 552
547 554
547 797
548 549
548 550
548 551
548 552
548 554
548 555
548 954
549 550
549 551
549 552
549 553
549 554
549 556
549 588
550 551
550 552
550 553
550 554
550 555
550 556
550 960
550 837
551 553
551 554
551 555
551 556
551 557
551 558
551 800
552 553
552 554
552 556
552 557
552 558
552 559
552 850
552 568
553 554
553 555
553 556
553 557
553 558
553 560
553 613
554 555
554 557
554 559
554 560
554 781
554 915
554 596
555 556
555 557
555 558
555 559
555 561
555 562
556 557
556 558
556 561
556 562
556 888
556 772
556 836
557 558
557 559
557 562
557 563
557 593
557 710
558 559
558 560
558 561
558 563
558 564
558 891
559 560
559 561
559 563
559 564
559 565
559 566
559 999
560 561
560 562
560 563
560 564
560 565
560 566
560 567
560 878
560 637
560 578
561 562
561 563
561 564
561 565
561 566
561 567
561 568
562 565
562 566
562 567
562 568
562 569
562 946
562 588
563 564
563 566
563 567
563 568
563 569
563 570
563 813
564 565
564 569
564 570
564 960
564 729
564 760
565 569
565 570
565 571
565 572
565 886
565 894
566 567
566 568
566 569
566 570
566 571
566 573
566 906
567 568
567 570
567 571
567 572
567 573
567 574
568 571
568 572
568 574
568 575
568 685
568 610
569 570
569 573
569 574
569 575
569 576
569 852
569 828
570 571
570 572
570 573
570 574
570 575
570 576
570 694
570 650
571 573
571 574
571 575
571 576
571 578
572 573
572 574
572 575
572 579
572 716
573 575
573 576
573 577
573 579
573 580
573 950
573 993
574 575
574 576
574 577
574 578
574 579
574 580
574 581
574 963
574 711
575 578
575 579
575 580
575 582
575 654
576 577
576 578
576 579
576 581
576 583
576 722
577 579
577 580
577 581
577 582
577 583
577 584
577 914
577 773
578 579
578 580
578 582
578 585
579 580
579 581
579 582
579 583
579 585
579 586
579 765
579 635
580 581
580 582
580 584
580 585
580 586
581 582
581 583
581 584
581 585
581 586
581 588
582 583
582 584
582 585
582 586
582 587
582 588
582 589
583 584
583 585
583 587
583 588
583 589
583 590
583 682
584 585
584 586
584 588
584 589
584 590
584 591
584 956
585 586
585 587
585 589
585 590
585 591
585 592
585 691
585 732
586 587
586 588
586 589
586 590
586 591
586 592
586 593
587 589
587 590
587 591
587 593
587 682
588 589
588 590
588 591
588 594
588 595
588 680
588 810
589 590
589 591
589 592
589 593
589 594
589 596
589 951
590 591
590 592
590 593
590 594
590 595
590 596
590 965
591 592
591 594
591 595
591 596
591 597
591 598
591 774
591 619
592 593
592 594
592 595
592 596
592 597
592 598
592 599
593 594
593 596
593 597
593 599
593 600
593 605
593 973
594 596
594 597
594 599
594 600
594 601
594 739
595 596
595 597
595 598
595 599
595 600
595 601
595 602
595 631
596 598
596 599
596 600
596 601
596 602
596 831
596 626
597 599
597 601
597 602
597 603
597 604
597 708
598 600
598 601
598 602
598 603
598 604
598 605
599 600
599 601
599 602
599 604
599 606
599 668
599 748
600 601
600 604
600 605
600 606
600 607
600 609
601 602
601 603
601 605
601 606
601 607
601 608
601 634
601 953
602 603
602 604
602 605
602 606
602 608
602 796
603 604
603 605
603 606
603 607
603 608
604 606
604 607
604 608
604 609
604 610
604 611
605 606
605 607
605 608
605 609
605 612
605 787
605 766
605 850
606 607
606 608
606 610
606 612
606 613
606 972
607 608
607 609
607 610
607 611
607 612
607 613
607 614
608 609
608 610
608 611
608 612
608 614
608 615
609 610
609 611
609 612
609 613
609 614
609 615
610 611
610 612
610 613
610 614
610 615
610 616
610 617
611 613
611 615
611 616
611 618
611 680
612 613
612 614
612 615
612 616
612 617
612 619
612 714
613 614
613 615
613 616
613 618
613 652
613 674
613 724
613 753
614 615
614 616
614 617
614 618
614 619
614 621
615 617
615 618
615 619
615 621
615 622
615 849
615 637
615 661
616 617
616 618
616 619
616 620
616 622
616 623
616 951
617 619
617 620
617 621
617 622
617 624
617 718
617 874
617 815
618 619
618 620
618 622
618 624
618 905
618 672
619 620
619 621
619 622
619 623
619 624
619 996
619 935
620 621
620 622
620 623
620 624
620 625
620 626
620 627
620 868
621 623
621 626
621 627
621 628
622 624
622 625
622 626
622 627
622 628
622 629
622 696
623 624
623 625
623 626
623 627
623 628
623 629
623 630
624 625
624 626
624 627
624 628
624 629
624 630
624 631
624 903
624 985
625 626
625 627
625 628
625 629
625 630
625 631
625 955
626 629
626 630
626 631
626 632
626 712
626 725
626 912
627 630
627 632
627 633
627 634
628 629
628 630
628 631
628 633
628 634
628 635
628 827
629 630
629 631
629 632
629 633
629 634
629 635
629 636
629 927
630 631
630 632
630 635
630 637
630 860
631 632
631 633
631 634
631 635
631 636
632 633
632 634
632 635
632 636
632 637
632 638
632 639
633 635
633 636
633 637
633 638
633 639
633 640
633 673
634 636
634 637
634 638
634 639
634 641
634 947
634 707
635 636
635 637
635 638
635 639
635 641
635 642
636 638
636 639
636 640
636 641
636 642
636 643
636 886
637 638
637 639
637 641
637 642
637 643
637 644
638 639
638 640
638 641
638 642
638 643
638 644
638 645
638 758
638 731
639 640
639 641
639 642
639 644
639 645
639 646
640 641
640 642
640 643
640 644
640 645
640 646
640 647
641 643
641 645
641 646
641 648
641 746
642 643
642 644
642 645
642 646
642 647
642 648
642 649
643 644
643 645
643 646
643 648
643 650
643 679
643 897
644 645
644 646
644 647
644 649
644 650
644 651
644 960
644 938
645 647
645 648
645 649
645 651
645 652
645 712
646 647
646 648
646 649
646 650
646 651
646 653
647 648
647 649
647 651
647 652
647 654
647 704
648 649
648 651
648 652
648 653
648 654
648 655
649 650
649 652
649 653
649 654
649 656
649 908
649 789
650 653
650 654
650 655
650 656
650 737
650 965
651 652
651 653
651 654
651 655
651 656
651 657
651 658
651 871
652 655
652 656
652 658
653 655
653 656
653 657
653 658
653 659
653 660
653 824
654 655
654 656
654 657
654 658
654 659
654 660
654 917
655 656
655 657
655 658
655 659
655 660
655 662
656 657
656 658
656 659
656 661
656 662
656 663
657 658
657 659
657 660
657 661
657 662
657 663
657 664
657 965
658 659
658 661
658 662
658 663
658 664
658 665
659 660
659 661
659 662
659 663
659 664
659 665
659 666
659 910
660 661
660 662
660 663
660 665
660 666
660 667
661 662
661 663
661 665
661 666
661 668
661 821
662 663
662 664
662 665
662 666
662 746
662 789
663 664
663 665
663 667
663 668
663 669
663 670
663 722
664 665
664 666
664 667
664 668
664 670
665 666
665 667
665 668
665 669
665 671
665 672
665 901
666 667
666 669
666 670
666 671
666 672
667 668
667 670
667 672
667 825
667 766
668 669
668 670
668 671
668 672
668 674
668 675
668 896
669 670
669 671
669 672
669 673
669 674
669 675
670 671
670 674
670 675
670 676
670 677
670 705
671 672
671 673
671 674
671 675
671 676
671 677
672 673
672 674
672 675
672 676
672 678
672 679
672 754
672 765
673 676
673 678
673 679
673 680
673 775
674 675
674 676
674 677
674 678
674 679
674 681
674 811
675 676
675 677
675 678
675 679
675 680
675 682
675 728
676 677
676 678
676 679
676 680
676 681
676 682
676 683
676 904
677 678
677 679
677 680
677 682
677 683
677 684
678 679
678 680
678 681
678 682
678 683
678 684
679 680
679 685
679 686
680 681
680 682
680 684
680 685
680 815
680 704
681 682
681 683
681 684
681 685
681 686
681 688
681 866
681 792
682 683
682 684
682 685
682 686
682 687
682 963
683 684
683 685
683 686
683 688
683 689
683 690
684 686
684 688
684 689
684 690
684 691
684 806
684 948
684 774
685 686
685 688
685 690
685 691
685 692
685 751
686 687
686 689
686 690
686 691
686 692
686 693
686 808
687 689
687 690
687 691
687 692
687 693
687 802
687 893
688 689
688 690
688 691
688 692
688 693
688 694
688 695
689 691
689 692
689 693
689 694
689 695
689 696
690 691
690 692
690 693
690 694
690 695
690 696
690 697
690 852
691 692
691 693
691 694
691 695
691 696
691 697
691 698
692 693
692 695
692 696
692 697
692 698
692 699
693 694
693 695
693 696
693 697
693 698
693 825
694 698
694 699
694 700
694 701
694 860
694 894
694 913
695 697
695 698
695 699
695 700
695 701
695 786
695 820
695 715
696 697
696 698
696 699
696 700
696 701
696 702
696 703
697 699
697 701
697 703
697 704
697 828
697 885
698 699
698 700
698 701
698 702
698 704
698 705
698 832
699 700
699 701
699 703
699 706
700 701
700 703
700 704
700 705
700 706
700 707
701 702
701 704
701 705
701 706
701 707
701 708
702 703
702 704
702 705
702 706
702 707
702 708
702 709
703 704
703 705
703 706
703 707
703 708
703 709
703 710
704 705
704 706
704 707
704 708
704 711
705 706
705 708
705 709
705 711
705 712
705 910
706 709
706 710
706 711
706 713
707 708
707 710
707 711
707 712
707 713
707 753
708 709
708 710
708 712
708 713
708 714
708 715
708 906
709 710
709 711
709 712
709 714
709 715
709 888
710 711
710 713
710 714
710 894
710 982
711 712
711 713
711 715
711 717
711 718
712 713
712 714
712 715
712 716
712 717
712 718
712 719
712 751
713 714
713 715
713 717
713 718
713 719
713 720
714 715
714 716
714 717
714 721
714 967
715 716
715 717
715 718
715 720
715 722
716 717
716 718
716 719
716 720
716 721
716 792
717 719
717 720
717 721
717 722
717 723
717 724
717 824
717 733
718 719
718 721
718 723
718 724
718 725
719 720
719 722
719 723
719 724
719 725
719 726
719 912
719 970
720 721
720 722
720 723
720 724
720 725
720 726
720 727
721 722
721 723
721 724
721 725
721 728
722 723
722 724
722 726
722 727
722 729
723 724
723 725
723 728
723 730
723 890
723 874
724 725
724 727
724 728
724 729
724 731
724 775
725 726
725 727
725 729
725 732
726 728
726 729
726 730
726 731
726 732
726 733
727 728
727 729
727 730
727 731
727 732
727 733
727 734
728 729
728 730
728 731
728 732
728 733
728 734
728 735
729 730
729 732
729 734
729 735
729 736
729 985
730 731
730 732
730 733
730 734
730 735
730 736
730 737
731 732
731 733
731 734
731 735
731 737
731 738
732 734
732 735
732 736
732 738
732 779
733 734
733 735
733 736
733 738
733 739
733 875
734 736
734 738
734 739
734 740
734 810
735 737
735 738
735 739
735 741
735 742
735 889
736 737
736 738
736 739
736 740
736 742
736 743
736 862
737 738
737 739
737 740
737 741
737 742
737 744
737 874
738 739
738 740
738 741
738 743
738 744
738 974
739 740
739 741
739 742
739 743
739 744
739 745
739 746
740 742
740 743
740 744
740 745
740 746
740 747
740 842
741 742
741 743
741 744
741 745
741 746
741 747
741 748
741 983
742 743
742 744
742 745
742 747
742 748
742 749
743 744
743 745
743 746
743 747
743 748
743 749
744 746
744 748
744 749
744 751
744 877
744 940
745 746
745 747
745 748
745 749
745 750
745 751
745 752
746 747
746 748
746 750
746 751
747 748
747 750
747 751
747 752
747 753
747 754
747 877
748 749
748 750
748 751
748 753
748 754
748 755
748 783
749 750
749 751
749 752
749 755
749 756
750 751
750 752
750 753
750 754
750 755
750 756
750 757
750 960
751 752
751 753
751 754
751 755
751 902
752 754
752 755
752 756
752 758
752 759
752 995
753 754
753 755
753 759
753 793
754 755
754 756
754 759
754 760
754 761
755 756
755 757
755 758
755 759
755 760
755 761
755 762
755 842
756 757
756 758
756 759
756 760
756 761
756 762
756 763
757 758
757 759
757 760
757 761
757 762
757 764
758 760
758 761
758 762
758 763
758 764
758 765
759 760
759 762
759 763
759 765
760 761
760 762
760 763
760 764
760 766
760 973
761 762
761 763
761 764
761 765
761 767
761 768
761 957
762 763
762 764
762 765
762 766
762 767
762 768
762 769
763 764
763 765
763 766
763 768
763 769
763 770
764 765
764 767
764 768
764 769
765 766
765 767
765 768
765 769
765 770
765 771
765 772
765 913
766 767
766 768
766 770
766 771
766 772
766 773
766 856
767 769
767 770
767 771
767 772
767 773
767 774
767 871
768 770
768 771
768 772
768 773
768 774
768 775
769 771
769 772
769 773
769 775
769 776
769 855
769 932
770 771
770 772
770 773
770 774
770 776
770 777
770 955
771 772
771 773
771 774
771 775
771 776
771 777
771 778
772 773
772 774
772 775
772 776
772 777
772 778
772 779
773 775
773 776
773 777
773 778
773 828
774 776
774 778
774 779
774 780
774 783
775 776
775 778
775 779
775 780
775 781
775 782
775 812
776 777
776 778
776 779
776 780
776 781
776 783
777 778
777 779
777 780
777 781
777 782
777 783
777 784
778 779
778 780
778 782
778 784
778 785
778 917
778 851
779 781
779 782
779 783
779 784
779 786
780 781
780 782
780 783
780 784
780 785
780 786
780 787
780 917
781 782
781 783
781 784
781 785
781 786
781 787
781 788
782 783
782 784
782 785
782 786
782 787
782 789
782 987
783 784
783 786
783 787
783 788
783 789
783 790
783 930
784 785
784 786
784 787
784 788
784 790
784 791
785 786
785 788
785 789
785 790
785 791
785 792
786 787
786 788
786 789
786 790
786 791
786 792
786 793
787 788
787 789
787 791
787 793
787 794
787 868
788 789
788 790
788 791
788 792
788 793
788 795
789 790
789 791
789 792
789 794
789 795
789 796
790 791
790 792
790 793
790 794
790 795
790 796
790 859
791 792
791 793
791 794
791 795
791 796
791 797
791 798
791 961
792 793
792 794
792 796
792 797
792 799
793 794
793 795
793 797
793 798
793 799
793 800
793 956
794 795
794 797
794 798
794 799
794 800
794 801
795 796
795 797
795 800
795 880
795 932
796 797
796 798
796 800
796 803
796 957
797 798
797 799
797 800
797 801
797 803
798 799
798 800
798 801
798 802
798 803
798 804
798 973
799 801
799 802
799 804
799 805
799 806
799 885
800 801
800 804
800 805
800 806
800 807
801 803
801 804
801 805
801 807
801 808
801 823
802 803
802 804
802 805
802 806
802 807
802 808
803 804
803 805
803 806
803 809
803 810
803 989
803 975
804 805
804 806
804 807
804 808
804 811
804 816
804 863
805 807
805 809
805 810
805 811
805 812
805 978
806 807
806 808
806 809
806 810
806 811
806 812
806 813
807 808
807 809
807 810
807 811
807 812
807 813
807 814
808 809
808 810
808 811
808 812
808 814
808 815
809 810
809 812
809 813
809 814
809 816
809 911
809 934
809 842
809 836
810 811
810 812
810 813
810 814
810 815
810 817
811 812
811 813
811 815
811 816
811 817
811 818
811 836
812 813
812 814
812 815
812 817
812 818
812 819
813 814
813 816
813 817
813 818
813 819
813 820
814 815
814 817
814 818
814 819
814 820
814 821
814 983
815 816
815 818
815 819
815 820
815 821
816 817
816 818
816 820
816 821
816 822
816 823
817 818
817 819
817 820
817 822
817 824
817 940
818 820
818 821
818 822
818 823
818 824
818 825
818 934
819 821
819 822
819 823
819 824
819 826
819 876
820 821
820 823
820 824
820 826
821 822
821 824
821 825
821 826
822 824
822 825
822 826
822 827
822 828
822 829
823 824
823 825
823 827
823 828
823 829
823 861
823 898
824 825
824 826
824 827
824 829
824 830
825 826
825 827
825 828
825 829
825 830
825 831
825 832
826 827
826 828
826 829
826 830
826 832
826 833
827 828
827 830
827 831
827 832
827 833
827 834
828 829
828 830
828 832
828 833
828 861
829 830
829 832
829 833
829 834
829 836
829 981
830 831
830 833
830 834
830 835
830 837
830 966
831 832
831 833
831 834
831 835
831 836
831 837
831 838
832 833
832 834
832 836
832 837
832 838
832 839
833 835
833 836
833 837
833 838
833 839
833 840
833 886
834 835
834 836
834 837
834 838
834 839
834 840
834 841
835 836
835 837
835 838
835 840
835 841
835 842
836 837
836 838
836 839
836 840
836 842
836 843
837 838
837 839
837 841
837 842
837 844
837 944
838 840
838 842
838 843
838 844
838 845
838 901
839 840
839 841
839 842
839 843
839 844
839 845
839 846
840 841
840 842
840 843
840 844
840 846
841 842
841 843
841 844
841 845
841 846
841 847
841 848
842 843
842 849
842 946
843 844
843 846
843 850
844 846
844 847
844 848
844 849
844 851
844 866
844 942
845 846
845 848
845 849
845 850
845 851
845 852
845 883
845 926
846 848
846 849
846 850
846 851
846 853
847 848
847 849
847 850
847 851
847 852
847 853
847 854
848 849
848 850
848 851
848 852
848 853
848 854
848 855
848 860
848 949
849 851
849 853
849 855
849 856
850 852
850 853
850 854
850 855
850 857
851 852
851 853
851 854
851 855
851 856
851 857
851 858
852 854
852 855
852 856
852 857
852 858
852 859
853 854
853 855
853 856
853 857
853 858
853 859
853 860
854 855
854 856
854 857
854 858
854 860
854 861
855 856
855 857
855 859
855 860
855 861
855 862
856 857
856 858
856 859
856 860
856 861
856 862
856 863
857 858
857 860
857 861
857 862
857 863
857 864
858 859
858 860
858 861
858 862
858 863
858 864
858 865
859 860
859 861
859 862
859 863
859 864
859 865
859 866
860 861
860 863
860 864
860 865
860 866
860 867
861 862
861 863
861 865
861 867
861 868
861 956
862 863
862 864
862 865
862 866
862 867
862 868
862 869
863 864
863 866
863 867
863 868
863 870
864 866
864 867
864 868
864 869
864 870
864 871
864 932
865 866
865 867
865 868
865 869
865 871
865 872
866 870
866 871
866 872
866 873
867 868
867 869
867 870
867 871
867 872
867 873
867 874
868 869
868 870
868 872
868 873
868 874
868 875
869 870
869 871
869 872
869 873
869 874
869 875
869 876
870 872
870 873
870 874
870 875
870 876
870 877
871 872
871 873
871 874
871 875
871 917
872 873
872 874
872 876
872 878
872 879
873 874
873 875
873 877
873 878
873 880
874 877
874 878
874 879
874 880
875 878
875 881
875 882
876 877
876 878
876 879
876 881
876 882
876 883
877 879
877 880
877 881
877 883
877 884
878 880
878 882
878 883
878 884
878 885
878 970
879 880
879 882
879 883
879 884
879 886
880 881
880 882
880 883
880 884
880 885
880 886
880 887
881 882
881 883
881 884
881 885
881 886
881 887
881 888
882 883
882 885
882 886
882 887
882 888
882 889
883 884
883 885
883 886
883 887
883 888
883 889
883 890
884 887
884 888
884 890
884 891
885 886
885 887
885 889
885 891
885 892
886 889
886 891
886 893
887 889
887 890
887 892
887 893
887 894
887 959
888 889
888 891
888 892
888 893
888 894
888 895
889 890
889 891
889 892
889 894
889 895
889 896
890 891
890 892
890 894
890 895
890 896
890 962
891 892
891 893
891 894
891 895
891 897
892 893
892 894
892 896
892 897
892 898
892 899
893 894
893 896
893 897
893 898
893 899
893 900
894 895
894 896
894 897
894 899
894 900
894 901
895 896
895 898
895 899
895 900
895 901
895 977
896 897
896 898
896 899
896 900
896 902
896 903
896 994
897 898
897 899
897 900
897 901
897 903
898 899
898 900
898 901
898 902
898 903
898 904
898 905
899 900
899 901
899 902
899 903
899 904
899 905
899 906
900 901
900 902
900 903
900 904
900 905
900 906
900 907
901 902
901 903
901 904
901 905
901 906
901 907
901 975
901 923
902 903
902 904
902 906
902 907
902 908
902 909
903 904
903 905
903 906
903 908
903 909
903 910
904 905
904 906
904 907
904 908
904 909
904 910
905 906
905 907
905 908
905 909
905 910
905 911
905 912
906 907
906 908
906 909
906 910
906 913
906 921
907 908
907 909
907 910
907 911
907 912
907 913
907 914
908 909
908 911
908 912
908 914
908 915
909 910
909 911
909 912
909 914
909 915
910 912
910 913
910 914
910 915
910 944
911 913
911 914
911 915
911 916
911 917
911 918
912 913
912 914
912 915
912 916
912 917
912 918
912 919
913 914
913 915
913 916
913 917
913 919
914 915
914 916
914 917
914 920
914 921
914 953
915 916
915 917
915 919
915 920
915 921
915 922
916 917
916 918
916 919
916 920
916 921
916 923
917 918
917 920
917 921
917 922
917 923
918 919
918 920
918 921
918 923
918 924
918 925
919 920
919 921
919 922
919 923
919 924
919 925
919 926
920 921
920 922
920 923
920 924
920 925
920 926
920 927
921 922
921 923
921 924
921 925
921 926
922 923
922 924
922 925
922 926
922 927
922 928
922 929
923 924
923 925
923 926
923 927
923 928
923 931
923 941
924 925
924 926
924 927
924 929
924 930
925 926
925 927
925 928
925 929
925 931
925 992
926 927
926 928
926 930
926 932
926 933
926 962
927 928
927 930
927 932
927 933
927 934
928 929
928 930
928 931
928 932
928 933
928 934
928 935
929 931
929 932
929 933
929 934
929 935
930 931
930 932
930 933
930 934
930 935
930 936
930 937
931 932
931 933
931 934
931 936
931 937
931 938
932 933
932 934
932 935
932 936
932 937
933 934
933 935
933 936
933 938
933 939
934 937
934 939
934 940
934 941
935 936
935 937
935 938
935 939
935 940
935 942
936 937
936 939
936 940
936 941
936 942
937 938
937 939
937 941
937 943
937 982
938 939
938 940
938 942
938 943
938 945
939 940
939 941
939 942
939 943
939 944
939 945
939 946
940 941
940 942
940 943
940 944
940 945
940 946
940 947
941 942
941 943
941 944
941 945
941 946
941 947
942 943
942 944
942 945
942 947
942 948
942 949
943 944
943 945
943 946
943 947
943 948
943 949
943 950
944 945
944 946
944 947
944 948
944 949
944 950
945 946
945 947
945 951
945 952
946 947
946 948
946 950
946 951
946 952
946 953
947 948
947 949
947 950
947 951
947 952
947 953
947 954
947 998
948 949
948 952
948 953
948 954
948 955
949 950
949 951
949 952
949 953
949 954
949 956
950 951
950 952
950 953
950 954
950 955
950 956
950 957
950 981
951 953
951 954
951 955
951 957
951 964
952 953
952 954
952 955
952 956
952 957
952 958
952 959
952 978
953 954
953 955
953 956
953 959
954 955
954 956
954 957
954 958
954 959
954 960
954 961
955 956
955 957
955 958
955 959
956 958
956 959
956 961
956 963
957 959
957 960
957 961
957 962
957 963
957 964
958 959
958 960
958 963
958 964
958 993
959 960
959 961
959 962
959 963
959 964
959 965
959 966
960 961
960 963
960 965
960 966
960 967
961 962
961 965
961 966
961 968
962 966
962 967
962 968
963 965
963 966
963 967
963 968
963 969
963 970
964 965
964 966
964 967
964 968
964 969
964 970
964 971
965 966
965 967
965 972
966 967
966 968
966 969
966 970
966 972
966 973
967 968
967 969
967 971
967 972
967 973
967 974
968 969
968 970
968 971
968 972
968 973
968 974
968 975
969 971
969 973
969 974
969 976
970 971
970 972
970 973
970 975
970 977
971 972
971 973
971 974
971 975
971 976
971 977
971 978
972 973
972 974
972 975
972 977
972 978
972 979
973 974
973 977
973 978
973 979
974 975
974 977
974 979
974 980
974 981
975 977
975 978
975 979
975 980
976 977
976 978
976 979
976 980
976 982
976 983
977 978
977 979
977 980
977 981
977 983
978 979
978 980
978 983
978 985
979 980
979 981
979 982
979 983
979 985
979 986
980 981
980 982
980 983
980 984
980 985
980 987
980 996
981 983
981 984
981 985
981 986
981 988
982 983
982 984
982 986
982 987
982 988
982 989
983 984
983 985
983 987
983 988
983 990
984 986
984 987
984 988
984 989
984 990
984 991
985 987
985 988
985 990
985 991
986 987
986 989
986 991
986 992
986 993
987 988
987 989
987 991
987 992
987 993
987 994
988 989
988 990
988 991
988 992
988 993
988 994
988 995
989 990
989 991
989 993
989 994
989 995
989 996
990 991
990 992
990 993
990 994
990 995
990 996
990 997
991 992
991 993
991 995
991 996
991 997
991 998
992 993
992 995
992 996
992 998
993 994
993 995
993 996
993 997
993 999
994 995
994 997
994 998
994 999
995 996
995 998
995 999
996 997
996 998
996 999
997 998
997 999
998 999
