0 1
0 999
0 2
0 998
0 3
0 4
0 996
0 5
0 995
0 120
1 2
1 3
1 999
1 4
1 998
1 5
1 997
1 6
1 996
2 3
2 999
2 6
2 998
2 7
2 997
2 496
2 69
2 635
3 4
3 5
3 6
3 7
3 999
3 8
3 998
4 5
4 6
4 8
4 9
4 999
4 920
5 6
5 7
5 8
5 9
5 10
6 7
6 8
6 9
6 10
6 11
7 8
7 9
7 11
7 12
7 930
8 9
8 12
8 13
8 862
8 291
8 243
9 11
9 12
9 13
9 14
9 247
10 11
10 12
10 13
10 15
10 550
11 12
11 13
11 14
11 15
11 16
11 401
12 13
12 14
12 15
12 16
12 17
13 14
13 15
13 16
13 17
13 18
14 15
14 16
14 17
14 18
14 19
15 16
15 17
15 18
15 19
15 20
15 812
15 862
16 17
16 18
16 20
16 21
16 614
16 596
17 19
17 20
17 21
17 22
17 899
17 472
18 19
18 20
18 21
18 22
18 23
19 20
19 21
19 22
19 23
19 24
19 74
20 21
20 22
20 23
20 25
20 94
21 23
21 24
21 25
21 26
21 912
21 237
21 31
22 23
22 24
22 25
22 26
22 27
23 24
23 25
23 26
23 27
23 490
24 26
24 28
24 29
24 615
24 343
24 223
24 323
25 26
25 28
25 29
25 30
25 560
26 27
26 29
26 30
26 31
26 902
27 28
27 29
27 31
27 32
27 866
28 30
28 31
28 32
28 33
28 885
29 30
29 31
29 32
29 33
29 34
30 31
30 32
30 33
30 35
30 376
30 362
31 32
31 33
31 34
31 592
31 666
32 34
32 35
32 36
32 37
32 559
33 35
33 36
33 37
33 38
33 625
34 35
34 36
34 37
34 38
34 217
35 37
35 38
35 39
35 40
35 839
35 349
35 372
36 37
36 38
36 39
36 40
36 41
37 38
37 39
37 40
37 41
37 42
38 39
38 40
38 41
38 42
38 43
38 968
38 593
39 40
39 41
39 42
39 43
39 599
40 41
40 42
40 43
40 44
40 45
41 42
41 43
41 44
41 45
41 46
42 43
42 44
42 45
42 46
42 47
42 955
43 44
43 45
43 46
43 47
43 48
44 45
44 47
44 48
44 49
44 931
45 46
45 48
45 49
45 50
45 79
45 984
46 47
46 48
46 49
46 50
46 131
47 48
47 49
47 50
47 51
47 52
48 49
48 51
48 52
48 53
48 950
49 50
49 51
49 52
49 53
49 54
50 51
50 52
50 53
50 54
50 55
50 743
50 494
51 52
51 53
51 54
51 55
51 56
52 53
52 54
52 55
52 57
52 516
52 432
53 54
53 55
53 56
53 57
53 58
54 55
54 56
54 58
54 59
54 518
55 56
55 57
55 58
55 59
55 60
56 57
56 58
56 59
56 60
56 61
56 536
57 58
57 59
57 60
57 61
57 530
57 902
58 59
58 61
58 62
58 63
58 186
59 60
59 61
59 62
59 63
59 64
59 413
59 191
60 61
60 62
60 63
60 64
60 65
61 62
61 63
61 64
61 65
61 66
61 404
62 63
62 64
62 65
62 66
62 906
62 941
63 64
63 65
63 66
63 67
63 171
64 65
64 67
64 68
64 69
64 983
65 66
65 67
65 68
65 69
65 202
66 67
66 68
66 69
66 70
66 71
67 68
67 69
67 70
67 71
67 72
68 69
68 70
68 71
68 73
68 499
69 70
69 71
69 72
69 73
69 74
69 275
70 71
70 72
70 73
70 74
70 75
70 375
71 72
71 73
71 75
71 76
71 711
72 73
72 74
72 75
72 76
72 77
73 74
73 75
73 76
73 77
73 78
74 75
74 76
74 78
74 79
74 265
75 76
75 77
75 534
75 968
75 349
76 77
76 78
76 79
76 80
76 81
77 78
77 80
77 81
77 82
77 956
78 79
78 80
78 81
78 82
78 83
78 592
79 80
79 82
79 83
79 396
79 479
79 228
80 81
80 82
80 83
80 84
80 85
81 82
81 83
81 84
81 85
81 86
82 83
82 84
82 85
82 86
82 87
83 85
83 86
83 87
83 88
83 627
83 776
83 93
84 85
84 86
84 87
84 88
84 89
85 86
85 87
85 88
85 89
85 90
85 538
85 738
86 87
86 88
86 90
86 91
86 865
87 88
87 89
87 90
87 91
87 92
88 89
88 90
88 91
88 92
88 93
89 90
89 91
89 92
89 93
89 94
90 91
90 92
90 93
90 94
90 95
90 644
90 900
90 980
91 93
91 94
91 95
91 96
91 204
92 93
92 94
92 95
92 96
92 97
92 175
93 94
93 95
93 97
93 330
94 95
94 96
94 97
94 98
94 318
95 96
95 98
95 99
95 100
95 572
95 986
96 98
96 99
96 100
96 101
96 746
97 98
97 99
97 100
97 101
97 102
98 99
98 100
98 101
98 102
98 103
99 100
99 101
99 102
99 103
99 104
100 101
100 102
100 103
100 104
100 105
101 102
101 103
101 104
101 105
101 106
102 103
102 105
102 106
102 107
102 585
103 104
103 105
103 106
103 107
103 108
104 106
104 107
104 108
104 470
104 571
104 924
105 106
105 107
105 108
105 109
105 110
106 108
106 109
106 110
106 111
106 750
107 108
107 111
107 112
107 553
107 868
108 109
108 110
108 111
108 112
108 113
109 110
109 111
109 112
109 113
109 682
110 111
110 112
110 113
110 114
110 115
110 284
110 211
110 967
111 112
111 113
111 114
111 115
111 818
112 113
112 114
112 115
112 116
112 117
112 651
112 529
113 114
113 115
113 116
113 117
113 118
114 115
114 116
114 117
114 118
114 119
114 677
114 774
115 116
115 117
115 118
115 119
115 120
116 117
116 118
116 120
116 124
116 209
116 379
116 199
117 118
117 119
117 120
117 121
117 122
118 119
118 120
118 121
118 122
118 123
119 120
119 121
119 122
119 123
119 124
120 122
120 123
120 124
120 125
121 122
121 123
121 124
121 125
121 126
122 123
122 124
122 126
122 127
122 387
122 910
123 124
123 125
123 126
123 127
123 128
123 974
124 125
124 126
124 127
124 128
124 129
125 126
125 127
125 128
125 129
125 130
126 127
126 128
126 129
126 130
126 131
127 128
127 130
127 131
127 132
127 327
128 129
128 130
128 131
128 132
128 133
129 130
129 131
129 132
129 133
129 134
130 131
130 132
130 133
130 134
130 135
131 132
131 133
131 134
131 135
131 136
131 594
131 617
132 133
132 134
132 135
132 136
132 137
133 135
133 136
133 137
133 138
133 560
134 135
134 136
134 137
134 138
134 139
134 307
135 137
135 138
135 139
135 711
135 204
136 137
136 138
136 139
136 140
136 141
137 138
137 139
137 140
137 142
137 786
138 139
138 140
138 141
138 143
138 622
138 698
139 140
139 141
139 142
139 143
139 144
140 141
140 142
140 143
140 144
140 145
141 142
141 143
141 144
141 145
141 146
142 143
142 144
142 145
142 146
142 147
143 144
143 145
143 146
143 147
143 148
143 226
144 145
144 146
144 147
144 148
144 149
145 146
145 147
145 148
145 149
145 150
146 147
146 148
146 149
146 150
146 151
147 148
147 149
147 151
147 152
147 984
147 870
148 149
148 150
148 151
148 152
148 153
148 307
148 588
149 150
149 151
149 152
149 153
149 154
149 568
150 151
150 152
150 153
150 154
150 812
151 152
151 153
151 154
151 155
151 291
151 229
152 153
152 154
152 155
152 156
152 631
153 154
153 155
153 156
153 157
153 158
153 833
154 155
154 156
154 157
154 158
154 159
155 157
155 158
155 159
155 160
155 361
155 430
155 961
156 157
156 158
156 159
156 160
156 161
157 158
157 159
157 161
157 162
157 664
158 159
158 160
158 161
158 162
158 163
159 160
159 162
159 163
159 164
159 942
160 161
160 162
160 163
160 164
160 165
161 162
161 163
161 164
161 165
161 166
162 163
162 164
162 165
162 166
162 167
163 164
163 165
163 166
163 167
163 168
164 165
164 166
164 167
164 168
164 169
165 167
165 168
165 169
165 170
165 557
165 631
166 167
166 168
166 169
166 170
166 171
167 168
167 169
167 170
167 171
167 172
168 169
168 170
168 171
168 172
168 173
169 170
169 171
169 172
169 173
169 174
169 278
170 172
170 173
170 174
170 175
170 580
171 172
171 173
171 174
171 175
171 176
172 173
172 174
172 175
172 176
172 177
173 174
173 175
173 176
173 178
173 464
173 471
174 175
174 176
174 177
174 178
174 179
175 176
175 178
175 179
175 180
176 177
176 178
176 179
176 180
176 181
176 445
177 178
177 179
177 180
177 181
177 182
178 179
178 180
178 181
178 182
178 183
178 740
179 180
179 181
179 182
179 183
179 184
180 182
180 183
180 184
180 185
180 588
180 948
181 182
181 183
181 184
181 185
181 186
182 183
182 184
182 185
182 186
182 187
183 184
183 185
183 186
183 187
183 188
184 185
184 186
184 187
184 188
184 189
185 186
185 187
185 188
185 189
185 190
185 232
186 187
186 188
186 189
186 190
186 191
187 188
187 189
187 190
187 191
187 192
188 189
188 190
188 191
188 192
188 568
189 190
189 191
189 192
189 193
189 194
190 191
190 192
190 193
190 194
190 195
190 711
191 192
191 193
191 195
191 196
192 193
192 194
192 195
192 196
192 197
192 261
193 194
193 195
193 196
193 197
193 198
194 195
194 196
194 197
194 198
194 199
194 747
195 196
195 197
195 198
195 199
195 200
195 735
196 197
196 198
196 199
196 200
196 201
196 708
197 198
197 200
197 201
197 202
197 362
198 199
198 200
198 201
198 202
198 203
198 550
199 200
199 202
199 203
199 204
199 883
199 311
200 201
200 202
200 203
200 204
200 205
201 202
201 203
201 204
201 205
201 206
202 203
202 204
202 205
202 206
202 207
203 205
203 206
203 207
203 208
203 826
203 782
203 670
204 206
204 207
204 208
204 209
204 693
205 206
205 207
205 208
205 209
205 210
205 212
206 207
206 208
206 209
206 210
206 211
206 994
207 208
207 209
207 210
207 211
207 212
208 209
208 210
208 211
208 212
208 213
209 210
209 211
209 213
209 214
209 811
210 211
210 212
210 213
210 214
210 215
211 212
211 214
211 215
211 216
212 213
212 214
212 215
212 216
212 451
212 706
213 214
213 215
213 216
213 217
213 701
214 215
214 216
214 217
214 218
214 219
215 216
215 217
215 218
215 219
215 220
215 971
216 217
216 218
216 219
216 220
216 221
217 219
217 220
217 221
217 222
217 536
218 219
218 222
218 223
218 465
218 395
218 573
218 659
219 220
219 221
219 222
219 223
219 224
220 221
220 222
220 223
220 224
220 225
221 222
221 223
221 224
221 225
221 226
222 223
222 224
222 225
222 226
222 227
223 224
223 225
223 227
223 228
223 573
223 636
224 225
224 226
224 227
224 228
224 229
224 896
225 226
225 227
225 229
225 230
225 887
226 227
226 228
226 229
226 231
227 228
227 229
227 230
227 231
227 232
228 229
228 230
228 232
228 233
228 732
229 230
229 231
229 232
229 233
229 234
230 231
230 232
230 233
230 895
230 864
231 232
231 233
231 234
231 236
231 509
231 732
232 233
232 235
232 236
232 237
232 400
232 911
233 234
233 235
233 236
233 237
233 238
234 235
234 236
234 237
234 238
234 239
235 236
235 237
235 238
235 239
235 240
236 238
236 239
236 240
236 707
236 610
236 879
236 739
236 465
237 238
237 239
237 241
237 242
237 834
238 239
238 240
238 241
238 242
238 243
238 934
239 240
239 242
239 243
239 244
239 295
240 241
240 243
240 244
240 245
240 647
241 242
241 243
241 244
241 245
241 246
242 243
242 244
242 245
242 246
242 247
243 244
243 245
243 246
243 247
243 248
244 245
244 246
244 248
244 249
244 949
245 246
245 247
245 248
245 249
245 250
246 247
246 248
246 249
246 250
246 251
247 249
247 250
247 251
247 252
247 309
248 249
248 250
248 251
248 252
248 253
249 250
249 251
249 252
249 253
249 254
250 252
250 253
250 254
250 255
250 674
250 851
251 252
251 253
251 254
251 255
251 256
252 253
252 254
252 255
252 256
252 257
253 254
253 255
253 256
253 257
253 258
254 255
254 256
254 257
254 258
254 259
255 256
255 257
255 258
255 259
255 260
256 257
256 258
256 259
256 740
256 796
256 503
257 258
257 259
257 260
257 261
257 262
257 425
258 259
258 260
258 261
258 262
258 263
259 260
259 261
259 262
259 263
259 264
260 261
260 262
260 263
260 264
260 265
260 391
260 514
260 909
261 262
261 264
261 265
261 266
262 263
262 264
262 265
262 267
262 448
263 264
263 265
263 266
263 267
263 268
264 265
264 266
264 267
264 268
264 269
265 267
265 268
265 269
265 270
265 482
265 365
266 267
266 268
266 269
266 270
266 271
267 268
267 269
267 270
267 271
267 272
267 734
268 269
268 270
268 271
268 273
268 972
268 491
268 595
269 270
269 271
269 272
269 273
269 274
269 401
270 271
270 272
270 273
270 274
270 275
271 272
271 273
271 274
271 275
271 276
272 273
272 274
272 275
272 276
272 277
273 274
273 275
273 276
273 277
273 278
274 275
274 276
274 277
274 278
274 656
275 276
275 277
275 279
275 280
276 277
276 278
276 279
276 280
276 281
277 279
277 280
277 281
277 659
277 507
278 280
278 282
278 283
278 964
279 280
279 281
279 282
279 283
279 284
280 281
280 282
280 283
280 284
280 285
281 282
281 283
281 284
281 285
281 286
282 283
282 284
282 285
282 286
282 287
283 284
283 285
283 287
283 288
283 450
284 286
284 287
284 288
284 289
285 286
285 287
285 288
285 289
285 290
286 287
286 288
286 289
286 290
286 695
287 288
287 289
287 290
287 291
287 292
288 289
288 290
288 291
288 292
288 293
289 290
289 291
289 292
289 293
289 294
290 291
290 292
290 293
290 294
290 295
291 293
291 294
291 295
291 296
292 293
292 294
292 295
292 296
292 297
292 382
293 295
293 296
293 297
293 298
293 611
293 528
294 295
294 296
294 297
294 298
294 299
294 557
295 296
295 297
295 298
295 299
295 300
296 297
296 298
296 299
296 300
296 301
297 298
297 299
297 300
297 301
297 302
298 299
298 301
298 302
298 303
298 684
299 300
299 301
299 302
299 303
299 304
300 302
300 303
300 304
300 305
300 938
301 302
301 303
301 304
301 305
301 306
301 431
302 303
302 304
302 305
302 306
302 307
303 304
303 305
303 306
303 307
303 308
303 769
304 305
304 306
304 307
304 308
304 309
305 306
305 307
305 308
305 309
305 310
306 307
306 308
306 309
306 310
306 311
307 310
307 311
307 312
307 633
308 309
308 310
308 311
308 312
308 313
309 310
309 311
309 312
309 314
309 679
310 311
310 312
310 313
310 314
310 315
310 517
311 312
311 314
311 315
311 316
311 538
312 313
312 314
312 315
312 317
312 946
313 314
313 315
313 316
313 317
313 318
313 761
314 315
314 316
314 317
314 318
314 881
314 512
315 316
315 317
315 318
315 319
315 320
316 317
316 318
316 319
316 320
316 321
317 318
317 319
317 320
317 321
317 322
318 319
318 320
318 323
318 670
318 409
319 320
319 321
319 322
319 324
319 327
320 321
320 322
320 323
320 324
320 325
321 322
321 323
321 324
321 325
321 326
322 323
322 324
322 325
322 326
322 327
322 651
323 324
323 326
323 327
323 659
323 446
323 914
324 325
324 326
324 327
324 328
324 329
325 326
325 327
325 328
325 329
325 330
326 327
326 328
326 330
326 331
326 556
327 328
327 329
327 330
327 331
327 332
328 329
328 330
328 331
328 332
328 333
329 330
329 331
329 332
329 333
329 334
330 331
330 333
330 334
330 335
330 518
331 332
331 333
331 334
331 335
331 336
331 903
332 333
332 334
332 335
332 336
332 337
333 334
333 335
333 336
333 337
333 338
334 335
334 336
334 337
334 338
334 339
335 336
335 337
335 338
335 339
335 340
336 338
336 339
336 340
336 341
336 818
337 338
337 339
337 340
337 341
337 342
338 339
338 340
338 341
338 342
338 343
339 340
339 341
339 342
339 417
339 892
339 653
339 668
340 341
340 342
340 343
340 345
340 943
341 343
341 344
341 345
341 346
341 974
341 997
342 343
342 344
342 345
342 346
342 818
343 344
343 345
343 346
343 347
343 348
344 345
344 346
344 347
344 348
344 349
344 444
345 346
345 347
345 348
345 349
345 350
346 347
346 348
346 349
346 350
346 351
347 348
347 349
347 350
347 351
347 352
348 349
348 350
348 351
348 352
348 405
349 350
349 351
349 353
349 354
350 351
350 352
350 353
350 354
350 355
351 352
351 353
351 354
351 356
351 951
352 353
352 354
352 355
352 356
352 357
353 354
353 355
353 356
353 357
353 358
354 355
354 357
354 359
354 851
354 565
355 356
355 357
355 358
355 359
355 360
355 508
356 357
356 358
356 359
356 360
356 361
356 620
357 358
357 359
357 360
357 361
357 362
358 360
358 361
358 362
358 363
358 844
359 360
359 361
359 362
359 363
359 364
360 361
360 362
360 363
360 364
360 365
360 421
361 362
361 363
361 364
361 365
361 366
362 363
362 364
362 365
362 367
362 892
363 366
363 367
363 368
363 726
363 749
364 365
364 366
364 367
364 368
364 369
364 731
364 739
365 366
365 367
365 368
365 370
366 367
366 368
366 369
366 371
366 963
366 494
367 368
367 369
367 370
367 371
367 372
368 369
368 370
368 372
368 373
368 573
369 370
369 371
369 372
369 373
369 374
370 371
370 373
370 374
370 375
370 544
371 372
371 373
371 374
371 375
371 376
371 407
372 373
372 375
372 376
372 903
373 374
373 375
373 376
373 378
373 666
374 375
374 376
374 377
374 378
374 379
375 377
375 378
375 379
375 380
375 667
376 377
376 378
376 379
376 380
376 381
376 480
377 378
377 380
377 382
377 805
377 770
378 379
378 380
378 381
378 382
378 383
379 380
379 381
379 382
379 384
380 381
380 382
380 383
380 384
380 385
381 382
381 383
381 384
381 385
381 386
382 383
382 385
382 386
382 387
382 537
383 384
383 385
383 386
383 387
383 388
384 385
384 386
384 387
384 388
384 389
385 386
385 387
385 388
385 389
385 390
385 494
386 387
386 388
386 390
386 391
386 554
387 390
387 391
387 392
387 959
387 771
388 389
388 390
388 391
388 392
388 393
388 481
389 390
389 391
389 393
389 394
389 561
390 391
390 392
390 393
390 394
390 395
390 498
391 392
391 393
391 394
391 396
392 393
392 394
392 395
392 396
392 397
393 395
393 396
393 397
393 398
393 910
394 395
394 396
394 397
394 398
394 399
395 396
395 397
395 398
395 399
395 400
395 784
395 663
396 398
396 399
396 400
396 401
397 398
397 399
397 400
397 401
397 402
398 399
398 400
398 401
398 402
398 403
399 400
399 401
399 402
399 404
399 545
400 402
400 403
400 404
400 405
401 402
401 403
401 404
401 608
402 403
402 404
402 405
402 407
402 928
402 580
403 404
403 405
403 406
403 407
403 408
404 406
404 407
404 408
404 409
405 406
405 407
405 408
405 409
405 410
405 816
406 407
406 408
406 409
406 410
406 411
407 408
407 410
407 411
407 412
408 409
408 410
408 411
408 412
408 413
409 410
409 411
409 412
409 413
409 414
410 412
410 413
410 414
410 415
410 643
411 412
411 413
411 414
411 415
411 416
411 562
412 413
412 415
412 416
412 417
412 526
413 414
413 416
413 417
413 418
414 415
414 416
414 417
414 418
414 419
415 416
415 417
415 418
415 419
415 420
416 417
416 418
416 419
416 420
416 421
416 769
417 418
417 419
417 421
417 422
418 419
418 420
418 421
418 422
418 423
418 441
419 420
419 421
419 422
419 423
419 424
419 445
420 421
420 422
420 423
420 424
420 425
421 422
421 423
421 424
421 425
421 642
422 423
422 424
422 426
422 427
422 997
423 424
423 425
423 426
423 744
423 446
424 425
424 426
424 427
424 428
424 429
424 814
425 426
425 427
425 429
425 430
425 896
426 427
426 428
426 429
426 430
426 431
427 428
427 429
427 430
427 431
427 432
428 429
428 431
428 432
428 853
428 712
428 514
429 430
429 431
429 432
429 433
429 434
430 431
430 433
430 434
430 435
431 432
431 434
431 435
431 436
432 433
432 434
432 435
432 436
433 434
433 435
433 436
433 437
433 438
433 481
434 435
434 437
434 438
434 439
434 698
435 436
435 437
435 438
435 439
435 440
436 437
436 438
436 439
436 440
436 441
436 579
437 438
437 439
437 440
437 441
437 442
438 439
438 440
438 441
438 442
438 443
439 440
439 442
439 443
439 444
439 539
440 441
440 442
440 443
440 444
440 445
441 442
441 443
441 445
441 446
442 443
442 444
442 445
442 446
442 447
443 444
443 445
443 446
443 447
443 448
444 446
444 447
444 448
444 449
445 447
445 448
445 449
446 447
446 448
446 449
446 450
446 451
447 448
447 449
447 450
447 451
447 452
448 449
448 450
448 452
448 453
448 482
449 450
449 451
449 452
449 453
449 454
450 451
450 452
450 453
450 454
450 455
451 453
451 454
451 455
451 456
452 453
452 454
452 455
452 457
452 502
453 455
453 456
453 457
453 458
453 678
454 455
454 456
454 457
454 458
454 459
455 456
455 457
455 458
455 459
455 460
456 457
456 458
456 459
456 460
456 808
457 459
457 460
457 462
457 711
457 618
458 459
458 460
458 461
458 462
458 463
459 460
459 461
459 462
459 463
459 816
460 461
460 462
460 463
460 464
460 465
461 462
461 463
461 464
461 465
461 466
462 463
462 464
462 465
462 466
462 467
463 464
463 466
463 467
463 468
463 978
464 465
464 466
464 467
464 468
464 469
465 466
465 467
465 468
465 469
465 711
466 467
466 468
466 469
466 470
466 471
467 468
467 469
467 470
467 471
467 472
468 469
468 470
468 472
468 473
468 753
469 470
469 471
469 472
469 473
469 866
469 912
470 471
470 472
470 473
470 474
470 475
470 702
470 989
471 472
471 473
471 474
471 476
472 473
472 474
472 475
472 477
473 474
473 475
473 476
473 477
473 478
474 475
474 476
474 477
474 478
474 479
475 476
475 477
475 478
475 479
475 480
476 477
476 478
476 479
476 481
476 908
477 478
477 480
477 481
477 482
477 601
478 479
478 480
478 481
478 482
478 483
479 480
479 481
479 482
479 483
479 484
480 482
480 483
480 484
480 997
481 483
481 485
481 486
482 484
482 486
482 487
482 650
483 484
483 485
483 486
483 487
483 943
484 485
484 486
484 487
484 488
484 489
485 486
485 487
485 488
485 489
485 633
486 487
486 488
486 489
486 490
486 491
487 488
487 489
487 491
487 492
487 826
488 489
488 490
488 492
488 493
488 640
489 490
489 491
489 492
489 493
489 494
490 491
490 492
490 493
490 494
490 495
491 493
491 494
491 495
491 496
491 611
492 493
492 494
492 495
492 496
492 497
493 495
493 496
493 497
493 498
493 935
494 495
494 497
494 498
494 801
495 496
495 497
495 498
495 499
495 500
496 497
496 498
496 499
496 500
496 501
497 498
497 499
497 500
497 501
497 502
497 531
498 500
498 501
498 503
498 779
499 500
499 501
499 502
499 504
499 782
500 501
500 502
500 503
500 504
500 505
500 766
501 502
501 503
501 504
501 505
501 814
502 503
502 504
502 505
502 506
502 507
503 504
503 505
503 506
503 507
503 508
504 505
504 506
504 507
504 508
504 509
504 917
505 506
505 507
505 508
505 509
505 510
506 508
506 509
506 510
506 511
506 963
506 941
507 508
507 509
507 510
507 511
507 512
508 509
508 510
508 511
508 513
509 510
509 511
509 512
509 513
509 514
509 885
510 511
510 512
510 513
510 514
510 515
511 512
511 513
511 514
511 515
511 516
511 619
511 881
511 938
512 513
512 514
512 515
512 517
512 963
512 651
513 514
513 516
513 517
513 518
513 544
514 515
514 516
514 517
515 517
515 518
515 519
515 520
515 744
516 517
516 518
516 519
516 520
516 521
516 698
517 519
517 520
517 521
517 522
517 722
518 519
518 520
518 521
518 522
518 523
518 884
519 520
519 521
519 522
519 523
519 524
520 521
520 522
520 523
520 524
520 525
521 522
521 523
521 524
521 525
521 526
522 523
522 524
522 525
522 527
522 908
523 524
523 525
523 526
523 527
523 528
524 525
524 526
524 527
524 528
524 529
525 526
525 527
525 528
525 529
525 530
525 724
526 527
526 528
526 529
526 530
526 531
527 528
527 529
527 530
527 531
527 532
528 529
528 530
528 531
528 533
529 530
529 531
529 532
529 558
530 531
530 533
530 534
530 535
531 532
531 533
531 534
531 536
531 723
531 667
532 533
532 534
532 535
532 536
532 537
533 534
533 535
533 536
533 537
533 637
534 535
534 536
534 538
534 539
534 566
535 536
535 537
535 538
535 539
535 540
536 537
536 539
536 541
536 749
537 538
537 540
537 541
537 542
538 540
538 542
538 543
539 540
539 542
539 543
539 544
539 606
540 541
540 542
540 543
540 544
540 545
541 544
541 545
541 546
541 570
541 718
541 992
542 543
542 544
542 545
542 546
542 547
543 544
543 545
543 546
543 547
543 548
543 591
544 545
544 546
544 547
544 548
544 549
545 546
545 547
545 548
545 549
545 550
546 548
546 549
546 551
546 930
546 622
547 548
547 549
547 550
547 551
547 552
548 549
548 550
548 552
548 553
548 683
549 550
549 551
549 552
549 553
549 554
550 551
550 553
550 554
550 555
551 552
551 553
551 554
551 555
551 556
552 553
552 554
552 555
552 556
552 557
553 554
553 555
553 556
553 557
553 558
554 555
554 556
554 557
554 558
554 559
555 556
555 557
555 558
555 560
555 928
556 557
556 558
556 559
556 560
556 979
557 559
557 560
557 561
557 562
558 559
558 560
558 561
558 562
558 563
559 560
559 561
559 562
559 563
559 564
560 561
560 562
560 563
560 564
560 565
560 777
561 562
561 563
561 564
561 565
561 566
562 563
562 564
562 565
562 567
563 564
563 565
563 566
563 567
563 568
564 565
564 566
564 567
564 569
564 878
564 876
564 676
565 566
565 567
565 568
565 569
565 570
566 567
566 568
566 569
566 570
566 571
567 569
567 571
567 572
567 738
567 757
568 569
568 570
568 571
568 572
569 570
569 571
569 572
569 574
569 884
570 571
570 572
570 573
570 574
570 575
571 573
571 574
571 575
571 576
572 573
572 574
572 575
572 576
572 577
572 727
573 574
573 575
573 577
574 575
574 576
574 577
574 578
574 579
575 576
575 577
575 578
575 579
575 580
576 577
576 578
576 579
576 580
576 581
577 578
577 579
577 580
577 581
577 582
578 579
578 580
578 581
578 582
578 583
579 580
579 581
579 582
579 583
580 581
580 582
580 583
580 584
580 585
581 582
581 583
581 584
581 585
581 586
582 583
582 584
582 585
582 586
582 587
583 584
583 585
583 586
583 587
583 588
584 585
584 586
584 587
584 588
584 589
584 808
585 586
585 587
585 588
585 589
585 590
586 587
586 588
586 590
586 591
586 723
587 588
587 589
587 590
587 591
587 592
588 589
588 590
588 592
588 593
589 590
589 591
589 592
589 593
589 594
590 591
590 592
590 593
590 594
590 651
591 593
591 594
591 595
591 596
591 930
592 593
592 595
592 597
593 594
593 595
593 596
593 734
594 596
594 597
594 598
594 599
594 986
595 597
595 598
595 599
595 964
596 597
596 598
596 599
596 600
597 598
597 599
597 600
597 601
597 602
598 600
598 601
598 602
598 603
598 693
599 600
599 601
599 602
599 603
599 604
600 602
600 603
600 604
600 605
600 624
601 602
601 603
601 604
601 605
601 606
602 603
602 604
602 605
602 606
602 607
603 604
603 605
603 606
603 607
603 608
604 605
604 606
604 607
604 608
604 609
605 606
605 607
605 608
605 609
605 610
606 607
606 608
606 609
606 610
606 611
607 608
607 609
607 610
607 611
607 612
608 609
608 610
608 612
608 613
609 611
609 612
609 613
609 614
609 910
610 611
610 613
610 614
610 615
611 612
611 613
611 614
611 615
611 616
612 613
612 614
612 615
612 616
612 617
613 614
613 615
613 616
613 617
613 618
614 615
614 616
614 617
614 618
614 619
615 616
615 617
615 618
615 619
615 620
616 617
616 618
616 619
616 620
616 621
617 618
617 620
617 622
617 958
618 619
618 620
618 621
618 623
618 773
619 620
619 621
619 623
619 624
620 621
620 623
620 624
620 625
620 758
621 622
621 623
621 624
621 625
621 626
621 896
622 623
622 624
622 626
622 627
623 624
623 625
623 626
623 627
623 628
624 625
624 626
624 627
624 628
624 629
624 880
625 626
625 627
625 628
625 629
625 630
626 627
626 628
626 629
626 630
626 897
627 628
627 629
627 630
627 631
627 632
628 629
628 630
628 631
628 632
628 633
628 635
629 630
629 631
629 632
629 633
629 634
630 631
630 632
630 633
630 634
630 635
631 632
631 633
631 635
631 636
631 654
632 633
632 634
632 635
632 636
632 637
633 635
633 636
633 637
633 638
634 635
634 636
634 637
634 638
634 639
634 800
635 636
635 637
635 640
636 637
636 638
636 639
636 640
636 756
637 638
637 639
637 640
637 641
637 642
638 640
638 641
638 642
638 643
638 948
639 640
639 641
639 642
639 643
639 644
640 641
640 642
640 643
640 644
640 645
641 642
641 643
641 644
641 645
641 646
642 644
642 645
642 646
642 647
643 644
643 645
643 646
643 647
643 648
643 781
643 985
644 646
644 647
644 648
644 649
645 646
645 647
645 648
645 649
645 650
646 647
646 648
646 649
646 650
646 651
647 648
647 649
647 650
647 651
647 652
647 816
647 835
648 649
648 650
648 651
648 652
648 653
649 650
649 651
649 652
649 653
649 654
649 901
650 651
650 652
650 653
650 654
650 655
650 895
651 652
651 654
651 656
652 653
652 654
652 655
652 656
652 657
652 893
653 654
653 655
653 656
653 657
653 658
654 656
654 657
654 658
654 659
655 656
655 657
655 658
655 659
655 660
656 657
656 658
656 659
656 660
656 661
657 658
657 659
657 660
657 661
657 662
658 659
658 660
658 661
658 662
658 663
659 661
659 662
659 664
659 903
660 661
660 662
660 663
660 664
660 665
661 662
661 663
661 664
661 665
661 783
662 663
662 664
662 665
662 666
662 667
663 664
663 665
663 666
663 667
664 665
664 666
664 667
664 668
664 669
665 666
665 667
665 668
665 669
665 670
666 667
666 668
666 669
666 670
666 671
667 668
667 670
667 671
668 669
668 670
668 671
668 672
669 670
669 671
669 672
669 673
669 674
670 671
670 672
670 673
670 674
671 672
671 673
671 674
671 675
671 676
671 727
672 673
672 674
672 675
672 676
672 677
673 674
673 675
673 676
673 677
673 678
674 675
674 676
674 677
674 678
674 679
674 748
675 676
675 677
675 678
675 679
675 680
676 677
676 678
676 679
676 681
676 743
677 678
677 679
677 680
677 682
678 679
678 680
678 681
678 842
678 685
678 702
679 680
679 681
679 682
679 683
679 835
680 681
680 682
680 683
680 684
680 685
681 682
681 683
681 684
681 685
681 686
682 683
682 684
682 685
682 686
682 687
683 684
683 685
683 686
683 687
683 688
684 685
684 686
684 687
684 688
684 689
685 686
685 687
685 688
685 689
685 690
686 687
686 688
686 689
686 690
686 691
687 688
687 689
687 690
687 691
687 692
688 689
688 690
688 691
688 692
688 693
689 690
689 691
689 692
689 693
689 694
690 691
690 692
690 693
690 694
690 695
690 722
691 692
691 693
691 695
691 696
691 909
692 693
692 694
692 695
692 696
692 697
693 694
693 695
693 696
693 697
693 698
694 695
694 696
694 697
694 698
694 699
695 696
695 697
695 698
695 700
695 909
696 697
696 698
696 699
696 700
696 701
697 698
697 699
697 700
697 701
697 702
698 699
698 700
698 702
698 703
699 700
699 701
699 702
699 703
699 704
700 701
700 702
700 703
700 704
700 705
700 753
701 702
701 703
701 704
701 705
701 706
701 963
702 703
702 704
702 705
702 707
703 704
703 705
703 706
703 707
703 708
704 705
704 706
704 707
704 708
704 709
705 706
705 707
705 708
705 709
705 710
706 707
706 708
706 709
706 711
707 708
707 709
707 710
707 711
707 712
708 709
708 711
708 712
708 713
709 710
709 711
709 712
709 713
709 818
710 711
710 712
710 713
710 714
710 715
710 797
710 807
711 713
711 714
711 716
712 713
712 714
712 715
712 716
712 717
713 714
713 715
713 717
713 718
713 919
714 715
714 716
714 717
714 718
714 719
715 716
715 717
715 718
715 719
715 720
716 717
716 718
716 719
716 720
716 721
717 718
717 719
717 720
717 721
717 722
718 719
718 720
718 722
718 723
718 838
719 720
719 721
719 722
719 723
719 724
720 721
720 722
720 723
720 724
720 725
720 848
721 722
721 723
721 724
721 725
721 726
722 723
722 724
722 726
723 725
723 726
723 727
723 728
723 870
724 725
724 726
724 727
724 729
725 726
725 727
725 728
725 729
725 730
726 727
726 728
726 729
726 730
726 731
727 730
727 732
727 916
727 768
728 729
728 730
728 731
728 733
728 899
728 817
729 730
729 731
729 732
729 733
729 734
730 731
730 732
730 733
730 734
730 735
731 732
731 733
731 734
731 735
731 780
732 733
732 734
732 735
732 737
733 734
733 735
733 736
733 737
733 738
734 735
734 737
734 738
734 739
735 736
735 737
735 739
735 740
736 737
736 738
736 739
736 740
736 741
736 796
737 738
737 739
737 740
737 741
737 742
738 739
738 740
738 741
738 743
739 740
739 741
739 742
739 743
740 742
740 743
740 745
741 742
741 743
741 744
741 745
741 746
742 743
742 744
742 745
742 746
742 747
743 744
743 746
743 747
744 746
744 747
744 748
744 749
744 912
745 746
745 747
745 748
745 749
745 750
745 969
746 747
746 748
746 749
746 750
746 751
747 748
747 749
747 752
747 965
748 749
748 752
748 753
748 899
749 750
749 751
749 752
749 753
749 754
750 751
750 752
750 753
750 754
750 755
751 752
751 753
751 754
751 756
751 921
752 753
752 754
752 755
752 756
752 757
753 754
753 755
753 757
753 758
754 755
754 756
754 757
754 758
754 759
755 756
755 757
755 758
755 759
755 760
756 757
756 758
756 759
756 760
756 844
757 758
757 759
757 760
757 761
757 762
758 759
758 760
758 762
758 763
759 760
759 761
759 762
759 763
759 764
760 761
760 762
760 763
760 764
760 765
760 942
761 762
761 763
761 764
761 765
762 763
762 764
762 765
762 766
762 767
763 764
763 765
763 766
763 767
763 768
764 765
764 766
764 767
764 768
764 769
765 766
765 767
765 768
765 769
765 770
766 767
766 769
766 770
766 771
767 768
767 769
767 770
767 771
767 772
768 769
768 770
768 772
768 773
769 770
769 772
769 774
770 771
770 772
770 773
770 774
770 775
771 772
771 773
771 775
771 776
772 773
772 774
772 775
772 776
772 777
773 774
773 775
773 776
773 777
773 778
774 775
774 776
774 777
774 779
775 776
775 777
775 778
775 779
775 780
776 777
776 778
776 779
776 781
777 778
777 779
777 781
777 782
778 779
778 780
778 781
778 782
778 783
779 780
779 781
779 782
779 783
779 934
780 781
780 782
780 783
780 785
781 782
781 783
781 784
781 786
782 783
782 784
782 786
782 787
782 982
783 784
783 785
783 786
783 787
783 788
784 785
784 787
784 788
784 789
785 786
785 787
785 788
785 789
785 790
786 787
786 788
786 789
786 790
786 791
787 788
787 789
787 790
787 791
787 792
788 789
788 790
788 791
788 792
788 793
789 790
789 791
789 792
789 793
789 794
790 791
790 792
790 793
790 794
790 795
791 792
791 793
791 794
791 795
791 796
792 793
792 795
792 796
792 797
792 970
793 794
793 795
793 796
793 797
793 798
794 795
794 796
794 797
794 798
794 799
795 796
795 797
795 798
795 799
795 800
796 798
796 799
796 800
796 801
797 799
797 800
797 801
797 802
798 799
798 800
798 801
798 802
798 803
799 800
799 802
799 803
799 804
799 967
799 936
800 801
800 802
800 803
800 804
801 802
801 803
801 804
801 806
802 803
802 804
802 805
802 806
802 807
803 804
803 805
803 806
803 807
803 808
804 805
804 806
804 807
804 808
804 809
805 806
805 807
805 808
805 809
805 810
806 807
806 808
806 809
806 810
806 811
806 830
807 808
807 809
807 811
807 812
807 965
808 809
808 810
808 812
808 813
808 931
809 810
809 811
809 812
809 813
809 814
810 811
810 812
810 813
810 814
810 815
811 812
811 813
811 814
811 815
812 813
812 814
812 815
812 817
813 814
813 815
813 816
813 817
813 818
814 815
814 817
814 818
814 819
815 816
815 817
815 818
815 819
815 820
816 817
816 818
816 820
817 818
817 819
817 820
817 822
817 849
818 819
818 820
818 821
818 822
818 823
819 820
819 821
819 822
819 823
819 824
820 821
820 822
820 823
820 824
820 825
821 822
821 823
821 824
821 825
821 826
822 823
822 824
822 825
822 826
822 827
823 824
823 825
823 826
823 827
823 828
824 825
824 826
824 827
824 828
824 829
825 826
825 827
825 828
825 829
825 830
826 827
826 828
826 829
826 830
826 831
827 828
827 829
827 830
827 831
827 832
828 829
828 830
828 831
828 832
828 833
829 830
829 831
829 832
829 833
829 834
830 831
830 832
830 834
830 835
831 832
831 833
831 834
831 835
831 836
832 833
832 834
832 835
832 836
832 837
833 834
833 835
833 836
833 837
834 835
834 837
834 838
834 839
835 836
835 837
835 839
835 840
836 837
836 838
836 839
836 840
836 841
837 838
837 839
837 840
837 841
837 842
838 839
838 840
838 841
838 842
838 843
839 840
839 841
839 842
839 843
839 844
840 841
840 842
840 843
840 844
840 845
841 842
841 843
841 844
841 845
841 846
842 843
842 844
842 846
842 847
843 844
843 845
843 846
843 847
843 848
843 912
844 846
844 847
844 848
844 849
845 846
845 847
845 848
845 849
845 850
846 847
846 848
846 849
846 850
846 851
847 848
847 849
847 850
847 851
847 852
848 849
848 850
848 851
848 853
849 851
849 852
849 853
849 854
850 851
850 852
850 853
850 854
850 855
851 852
851 853
851 856
851 987
852 854
852 855
852 856
852 857
852 919
853 854
853 855
853 856
853 857
853 858
854 855
854 856
854 857
854 858
854 859
855 856
855 857
855 858
855 859
855 860
856 857
856 858
856 859
856 860
856 861
857 858
857 859
857 860
857 861
857 862
858 859
858 860
858 861
858 862
858 863
859 860
859 861
859 862
859 863
859 864
860 861
860 862
860 863
860 864
860 865
861 862
861 863
861 864
861 865
861 866
862 864
862 867
862 941
863 864
863 865
863 866
863 867
863 868
864 865
864 866
864 867
864 868
864 869
865 866
865 867
865 868
865 869
865 870
866 867
866 868
866 870
866 871
867 868
867 869
867 870
867 871
867 872
868 869
868 870
868 871
868 872
868 873
868 966
869 870
869 872
869 873
869 874
869 898
870 872
870 873
870 874
870 875
871 872
871 873
871 874
871 875
871 876
872 873
872 874
872 875
872 876
872 877
873 874
873 875
873 876
873 877
873 878
874 875
874 876
874 877
874 878
874 879
875 876
875 877
875 878
875 879
875 880
876 877
876 878
876 879
876 880
876 881
877 878
877 879
877 880
877 881
877 882
878 880
878 881
878 882
878 883
879 880
879 881
879 883
879 884
880 882
880 883
880 884
880 885
881 883
881 884
881 885
882 883
882 884
882 885
882 886
882 887
883 884
883 885
883 886
883 887
883 888
884 885
884 886
884 888
884 889
885 887
885 888
885 889
885 890
886 887
886 888
886 889
886 890
886 995
887 888
887 889
887 890
887 891
887 892
888 889
888 890
888 891
888 892
888 893
889 890
889 891
889 892
889 893
889 894
890 891
890 892
890 893
890 894
890 895
891 892
891 893
891 894
891 895
891 896
892 893
892 894
892 895
892 896
893 894
893 896
893 897
893 898
894 895
894 896
894 897
894 898
894 899
895 896
895 897
895 898
895 899
896 900
896 901
897 898
897 899
897 900
897 901
897 902
898 899
898 900
898 901
898 902
898 903
899 900
899 901
899 902
899 903
899 904
900 901
900 903
900 904
900 905
901 902
901 903
901 904
901 905
902 903
902 904
902 905
902 906
902 907
903 904
903 905
903 906
904 905
904 906
904 907
904 908
904 909
905 906
905 907
905 908
905 909
905 910
906 907
906 909
906 910
906 911
907 908
907 909
907 910
907 911
907 912
908 909
908 910
908 911
908 912
908 913
909 910
909 911
909 912
909 913
910 911
910 912
910 913
910 914
910 915
911 912
911 914
911 915
911 916
912 913
912 914
912 916
912 917
913 914
913 915
913 916
913 917
913 918
914 915
914 916
914 917
914 919
915 916
915 917
915 918
915 919
915 920
916 917
916 918
916 919
916 920
916 921
917 918
917 919
917 921
917 922
918 919
918 920
918 921
918 922
918 923
919 920
919 921
919 922
919 923
919 924
920 921
920 922
920 923
920 924
920 925
921 922
921 923
921 924
921 925
921 926
922 923
922 924
922 925
922 926
922 927
923 924
923 925
923 926
923 927
923 928
924 925
924 926
924 927
924 928
924 929
925 927
925 928
925 929
925 930
925 939
925 964
926 927
926 928
926 929
926 930
926 931
927 928
927 929
927 930
927 931
927 932
928 929
928 930
928 932
928 933
929 930
929 931
929 932
929 933
929 934
930 931
930 932
930 934
930 935
931 932
931 933
931 934
931 935
932 933
932 934
932 935
932 936
932 937
933 934
933 935
933 936
933 937
933 938
934 935
934 936
934 938
934 939
935 936
935 937
935 938
935 939
935 940
936 937
936 938
936 940
936 941
937 938
937 939
937 940
937 941
937 942
938 939
938 940
938 941
938 942
939 940
939 941
939 942
939 943
939 944
940 941
940 942
940 943
940 944
940 945
941 943
941 944
941 945
941 946
942 943
942 944
942 945
942 947
943 944
943 945
943 946
943 947
943 948
944 945
944 946
944 947
944 948
944 949
945 946
945 947
945 948
945 949
945 950
946 947
946 948
946 949
946 950
946 951
947 948
947 949
947 950
947 951
947 952
948 950
948 951
948 952
948 953
949 950
949 951
949 952
949 953
949 954
950 951
950 952
950 953
950 954
950 955
951 952
951 953
951 954
951 955
951 956
952 953
952 954
952 955
952 956
952 957
953 954
953 955
953 956
953 957
953 958
954 955
954 956
954 957
954 958
954 959
955 956
955 958
955 959
955 960
956 957
956 958
956 959
956 960
956 961
957 958
957 959
957 960
957 961
957 962
958 959
958 960
958 961
958 962
958 963
959 960
959 961
959 962
959 963
959 964
960 961
960 962
960 963
960 964
960 965
961 962
961 963
961 964
961 965
962 963
962 964
962 965
962 966
962 967
963 965
963 967
964 965
964 966
964 967
964 969
965 967
965 968
965 969
965 970
966 967
966 968
966 970
966 971
967 968
967 969
967 970
967 971
968 970
968 971
968 972
968 973
969 970
969 971
969 972
969 974
970 971
970 972
970 973
970 974
970 975
971 972
971 974
971 975
971 976
972 973
972 975
972 976
972 977
973 974
973 975
973 976
973 977
973 978
974 975
974 977
974 978
974 979
975 976
975 978
975 979
975 980
975 994
976 977
976 978
976 979
976 980
976 981
977 978
977 979
977 980
977 981
977 982
978 979
978 980
978 981
978 982
978 983
979 980
979 981
979 982
979 983
979 984
980 981
980 983
980 984
980 985
981 982
981 984
981 985
981 986
981 996
982 983
982 984
982 985
982 987
983 984
983 985
983 986
983 987
983 988
984 986
984 987
984 988
985 986
985 987
985 988
985 989
986 987
986 988
986 989
987 988
987 989
987 990
987 991
987 992
988 989
988 990
988 991
988 992
988 993
989 990
989 991
989 992
989 993
990 991
990 992
990 993
990 994
990 995
991 992
991 993
991 994
991 995
991 996
992 993
992 995
992 996
992 997
993 994
993 995
993 996
993 997
993 998
994 996
994 997
994 998
994 999
995 996
995 997
995 998
995 999
996 997
996 998
996 999
997 998
997 999
998 999
