0 1
0 999
0 2
0 998
0 3
0 4
0 996
0 995
0 6
0 994
0 7
0 317
0 472
1 2
1 3
1 999
1 998
1 5
1 997
1 6
1 996
1 7
1 995
1 994
1 180
1 959
1 143
1 883
2 3
2 4
2 5
2 6
2 7
2 997
2 8
2 996
2 995
2 755
2 885
2 457
2 911
2 118
3 4
3 5
3 6
3 999
3 998
3 9
3 997
3 10
3 145
3 394
4 5
4 6
4 7
4 10
4 998
4 997
4 505
4 553
4 736
4 33
5 6
5 7
5 10
5 11
5 999
5 12
5 998
5 282
5 872
6 7
6 8
6 9
6 11
6 12
6 13
6 999
6 51
6 199
7 8
7 9
7 11
7 12
7 359
7 938
7 678
7 707
7 50
8 9
8 10
8 11
8 12
8 13
8 14
8 15
8 654
9 11
9 12
9 13
9 14
9 16
9 310
9 27
9 788
10 11
10 13
10 15
10 16
10 17
10 807
10 232
11 12
11 13
11 14
11 15
11 17
11 18
11 116
11 516
11 564
11 886
11 994
11 193
12 13
12 14
12 15
12 16
12 19
12 30
12 403
13 14
13 15
13 17
13 18
13 19
13 20
13 872
13 641
14 15
14 16
14 18
14 20
14 21
14 865
14 512
14 672
14 789
14 481
15 16
15 18
15 19
15 21
15 22
15 286
15 573
15 321
16 17
16 18
16 19
16 20
16 21
16 22
16 23
16 756
16 331
17 18
17 19
17 21
17 22
17 23
17 327
17 919
17 431
18 19
18 20
18 21
18 23
18 24
18 25
18 765
19 20
19 21
19 22
19 23
19 25
19 393
19 737
20 21
20 22
20 23
20 24
20 27
20 109
20 261
21 22
21 24
21 25
21 26
21 27
21 352
21 139
21 992
22 23
22 24
22 25
22 26
22 27
22 28
22 29
22 48
23 24
23 25
23 26
23 27
23 28
23 29
23 940
23 177
23 770
24 25
24 26
24 27
24 28
24 29
24 30
24 31
24 741
25 26
25 27
25 28
25 29
25 30
25 31
25 32
25 561
25 895
26 27
26 28
26 30
26 31
26 32
26 33
26 217
27 28
27 30
27 31
27 33
27 34
27 746
27 822
27 914
27 755
27 388
27 909
28 29
28 30
28 31
28 32
28 33
28 868
28 616
28 391
28 390
29 30
29 31
29 32
29 33
29 34
29 35
29 36
29 230
30 31
30 32
30 34
30 36
30 37
30 412
30 799
31 33
31 34
31 35
31 36
31 38
31 488
31 873
31 533
32 34
32 35
32 37
32 38
32 381
32 883
32 434
32 924
33 34
33 35
33 36
33 37
33 38
33 39
33 40
33 738
34 36
34 38
34 40
34 41
34 925
34 309
34 806
34 937
35 36
35 39
35 40
35 41
35 42
35 576
35 814
36 37
36 39
36 41
36 42
36 43
36 565
36 495
37 38
37 39
37 40
37 41
37 43
37 44
37 356
38 39
38 41
38 42
38 43
38 44
38 618
38 442
38 176
38 113
38 521
38 960
39 40
39 42
39 43
39 44
39 46
39 294
39 561
40 41
40 42
40 43
40 44
40 45
40 47
40 134
40 474
40 418
41 42
41 43
41 44
41 45
41 46
41 47
41 48
42 43
42 44
42 45
42 46
42 47
42 48
42 49
42 240
43 45
43 46
43 47
43 49
43 50
43 439
43 430
43 292
43 736
44 45
44 46
44 47
44 48
44 49
44 50
44 51
44 167
45 47
45 49
45 50
45 51
45 52
45 662
45 437
46 47
46 48
46 49
46 50
46 51
46 52
46 53
47 48
47 49
47 50
47 51
47 52
47 53
47 54
47 493
47 970
47 703
48 49
48 50
48 51
48 52
48 54
48 55
48 802
49 50
49 51
49 54
49 55
49 188
49 273
49 211
50 51
50 52
50 53
50 54
50 55
50 56
51 52
51 53
51 55
51 56
51 57
51 58
51 388
52 54
52 55
52 56
52 57
52 58
52 59
52 710
52 400
52 556
52 125
52 160
53 54
53 55
53 57
53 58
53 59
53 60
53 67
53 336
53 146
53 186
54 55
54 57
54 58
54 100
54 390
54 535
54 758
54 623
54 622
54 237
54 588
54 931
55 56
55 57
55 58
55 59
55 60
55 61
55 62
55 963
55 647
56 57
56 60
56 62
56 63
56 610
56 399
56 964
56 406
56 575
57 58
57 59
57 60
57 61
57 63
57 64
57 586
58 60
58 61
58 63
58 64
58 65
58 338
58 850
58 891
58 577
59 61
59 63
59 64
59 65
59 66
59 129
59 286
60 62
60 63
60 64
60 65
60 67
60 650
60 315
60 160
61 62
61 63
61 64
61 65
61 66
61 68
61 280
62 64
62 65
62 66
62 68
62 69
62 311
62 478
62 978
63 64
63 65
63 66
63 67
63 69
63 70
63 669
63 482
64 65
64 66
64 67
64 68
64 69
64 70
64 71
64 134
64 241
65 66
65 67
65 68
65 69
65 71
65 72
65 734
65 831
65 157
66 67
66 68
66 69
66 70
66 72
66 73
66 728
66 979
67 68
67 70
67 71
67 72
67 73
67 632
67 320
67 816
67 288
68 69
68 70
68 71
68 72
68 73
68 74
68 75
68 197
69 73
69 74
69 840
69 341
69 967
69 894
69 136
69 545
70 71
70 72
70 73
70 74
70 75
70 76
70 77
70 644
70 959
70 909
70 454
71 74
71 75
71 76
71 77
71 78
71 230
71 822
71 850
72 73
72 74
72 76
72 78
72 79
72 509
72 902
72 886
72 335
73 74
73 75
73 76
73 77
73 79
73 80
73 270
73 225
74 75
74 76
74 78
74 79
74 80
74 426
74 615
74 129
75 76
75 77
75 78
75 80
75 82
75 436
75 681
75 603
75 282
76 78
76 79
76 80
76 81
76 285
76 384
76 373
76 617
77 78
77 79
77 80
77 81
77 82
77 84
77 680
77 683
78 79
78 80
78 82
78 84
78 85
78 674
78 888
79 80
79 81
79 82
79 83
79 86
79 998
79 155
80 81
80 84
80 86
80 151
80 580
80 893
80 83
81 82
81 83
81 84
81 85
81 87
81 88
81 480
82 83
82 85
82 87
82 88
82 89
82 791
82 992
82 467
82 504
83 85
83 86
83 87
83 88
83 89
83 90
83 400
83 136
84 85
84 86
84 87
84 88
84 90
84 91
84 997
84 609
85 86
85 87
85 88
85 89
85 90
85 91
85 92
85 905
85 610
86 88
86 89
86 90
86 91
86 206
86 257
86 117
86 681
87 90
87 92
87 94
87 124
87 996
87 702
87 590
87 186
87 712
88 90
88 91
88 92
88 93
88 94
88 425
88 522
88 520
88 288
89 90
89 91
89 93
89 94
89 95
89 96
89 378
90 91
90 92
90 93
90 94
90 95
90 96
90 97
91 92
91 93
91 94
91 95
91 96
91 97
91 936
91 249
91 717
91 901
92 93
92 94
92 95
92 96
92 97
92 701
92 294
92 553
92 405
92 975
93 94
93 96
93 97
93 98
93 100
93 851
93 288
93 852
94 95
94 96
94 97
94 98
94 100
94 101
94 223
95 96
95 97
95 98
95 99
95 100
95 101
95 998
95 125
96 99
96 100
96 101
96 102
96 103
96 769
96 280
96 173
96 983
96 380
97 98
97 100
97 101
97 102
97 103
97 104
97 943
97 606
98 99
98 100
98 101
98 102
98 104
98 105
98 888
98 915
98 471
98 411
99 101
99 102
99 103
99 104
99 105
99 106
99 488
100 101
100 102
100 103
100 104
100 106
100 107
100 502
100 410
100 903
100 967
101 103
101 104
101 106
101 107
101 108
101 265
101 982
102 103
102 104
102 105
102 106
102 107
102 108
102 109
102 554
102 940
103 104
103 105
103 106
103 107
103 109
103 617
103 500
104 105
104 106
104 107
104 108
104 109
104 110
104 111
105 107
105 109
105 110
105 112
105 561
105 702
105 324
105 671
106 107
106 109
106 110
106 112
106 734
106 699
106 182
106 635
106 468
106 774
107 108
107 110
107 111
107 112
107 113
107 747
107 914
108 111
108 112
108 113
108 114
108 115
108 882
108 629
108 354
109 110
109 111
109 112
109 113
109 114
109 116
109 513
110 113
110 114
110 115
110 116
110 117
110 727
110 988
111 112
111 113
111 114
111 116
111 118
111 268
111 595
111 675
112 114
112 115
112 116
112 117
112 118
112 119
112 949
112 636
112 212
113 114
113 115
113 116
113 119
113 120
113 163
113 207
113 180
113 333
114 115
114 116
114 117
114 118
114 119
114 120
114 838
114 590
114 960
115 116
115 117
115 118
115 119
115 120
115 121
115 122
115 616
116 118
116 119
116 120
116 121
116 123
116 830
116 893
116 421
117 118
117 119
117 120
117 122
117 123
117 124
117 978
117 300
117 470
117 755
118 120
118 121
118 123
118 124
118 125
118 136
118 692
118 731
119 121
119 122
119 123
119 124
119 125
119 742
119 518
119 801
120 121
120 122
120 123
120 124
120 125
120 584
120 491
120 963
121 122
121 123
121 124
121 125
121 126
121 127
121 733
121 151
121 723
121 789
122 125
122 126
122 127
122 128
122 129
122 233
122 257
122 512
122 912
122 208
123 124
123 125
123 126
123 127
123 128
123 129
123 130
123 131
123 937
123 970
124 126
124 127
124 128
124 129
124 130
124 131
124 678
124 273
125 126
125 129
125 131
125 202
125 911
126 127
126 128
126 130
126 131
126 132
126 133
126 282
126 309
126 146
127 128
127 129
127 130
127 131
127 132
127 134
127 411
127 257
128 129
128 130
128 131
128 132
128 133
128 134
128 135
129 130
129 131
129 132
129 134
129 135
129 817
130 131
130 133
130 135
130 136
130 137
130 738
130 460
130 843
130 981
131 133
131 134
131 135
131 136
131 137
131 170
131 391
131 668
131 808
131 691
131 300
132 133
132 134
132 135
132 136
132 137
132 138
132 139
132 363
133 134
133 135
133 136
133 595
133 602
133 283
133 526
133 422
134 137
134 138
134 139
134 141
134 965
134 227
134 155
135 137
135 138
135 140
135 141
135 142
135 458
135 161
135 758
135 505
136 137
136 139
136 141
136 142
136 143
136 298
136 870
136 536
137 139
137 140
137 141
137 142
137 143
137 807
137 835
137 467
137 974
137 800
137 669
138 139
138 140
138 141
138 143
138 144
138 145
138 708
138 368
139 140
139 144
139 145
139 146
139 788
139 288
139 744
139 697
140 141
140 142
140 143
140 144
140 146
140 147
140 226
140 555
140 755
140 404
141 142
141 144
141 145
141 146
141 147
141 148
141 519
141 252
141 628
142 143
142 145
142 146
142 148
142 149
142 894
142 357
142 269
142 974
143 144
143 145
143 146
143 148
143 149
143 923
143 434
144 146
144 147
144 149
144 150
144 151
144 503
144 185
144 444
144 921
145 146
145 147
145 148
145 149
145 150
145 152
145 689
145 414
146 150
146 151
146 748
146 341
146 680
146 209
147 148
147 149
147 150
147 151
147 152
147 153
147 154
147 439
148 149
148 150
148 151
148 152
148 153
148 154
148 155
149 150
149 151
149 153
149 155
149 156
149 191
149 737
149 554
149 222
150 151
150 152
150 153
150 154
150 155
150 156
150 157
150 649
150 802
150 747
151 152
151 154
151 155
151 156
151 157
151 834
152 153
152 154
152 155
152 157
152 158
152 159
152 251
152 936
152 297
153 154
153 155
153 156
153 157
153 158
153 159
153 560
153 797
154 155
154 156
154 158
154 159
154 160
154 161
154 492
154 168
155 156
155 157
155 158
155 159
155 160
155 162
155 450
155 887
156 158
156 159
156 160
156 162
156 163
156 486
156 814
157 159
157 160
157 161
157 163
157 164
157 910
157 170
158 160
158 161
158 162
158 163
158 164
158 165
158 214
158 703
158 573
159 160
159 161
159 163
159 165
159 826
159 812
159 696
160 161
160 162
160 163
160 164
160 165
160 193
161 163
161 164
161 165
161 166
161 167
161 168
161 743
161 447
162 163
162 164
162 165
162 166
162 167
162 168
162 169
162 191
162 346
163 165
163 166
163 167
163 168
163 169
163 170
163 283
163 856
164 165
164 166
164 167
164 168
164 169
164 171
164 341
164 510
164 264
164 277
165 166
165 167
165 168
165 170
165 171
165 172
165 962
165 958
165 888
166 167
166 168
166 169
166 170
166 172
166 173
166 349
167 168
167 169
167 171
167 172
167 173
167 174
167 968
167 716
168 169
168 170
168 171
168 172
168 173
168 175
168 829
168 269
168 407
169 171
169 172
169 173
169 174
169 175
169 176
169 239
169 830
169 508
170 174
170 177
170 663
170 393
170 442
170 187
171 172
171 173
171 174
171 175
171 176
171 177
171 178
171 541
171 757
171 299
171 327
172 173
172 174
172 175
172 176
172 177
172 178
172 179
173 174
173 176
173 177
173 178
173 179
173 180
173 241
173 730
174 176
174 177
174 179
174 181
174 548
174 288
174 483
174 706
175 176
175 177
175 179
175 181
175 182
175 372
175 396
175 460
175 878
175 501
175 993
176 177
176 178
176 180
176 182
176 183
176 776
177 178
177 179
177 180
177 182
177 184
177 470
177 340
178 179
178 180
178 181
178 182
178 183
178 184
178 185
179 180
179 181
179 182
179 183
179 185
179 186
179 842
179 373
179 351
180 181
180 182
180 183
180 184
180 185
180 186
180 414
180 742
181 182
181 184
181 185
181 186
181 187
181 188
181 656
181 969
182 184
182 185
182 186
182 188
182 189
182 994
182 251
182 441
183 184
183 185
183 186
183 187
183 188
183 189
183 190
183 976
184 185
184 188
184 189
184 191
184 438
184 877
184 497
184 776
184 681
184 930
185 186
185 188
185 189
185 191
185 192
185 909
185 462
186 188
186 189
186 190
186 191
186 193
186 625
187 188
187 191
187 192
187 528
187 785
187 633
188 189
188 190
188 192
188 193
188 194
188 195
188 276
189 191
189 192
189 194
189 195
189 196
189 207
189 737
189 430
190 191
190 193
190 194
190 196
190 197
190 294
190 853
190 814
190 280
190 250
191 193
191 195
191 196
191 197
191 461
191 729
192 193
192 194
192 195
192 197
192 199
192 652
192 343
193 194
193 195
193 196
193 198
193 199
193 200
194 195
194 196
194 197
194 198
194 199
194 200
194 201
194 777
195 198
195 199
195 200
195 201
195 202
195 325
195 865
196 199
196 200
196 202
196 203
196 810
196 479
196 408
196 485
196 745
196 451
197 198
197 200
197 201
197 202
197 203
197 376
197 873
197 954
198 199
198 200
198 201
198 202
198 204
198 205
198 359
199 200
199 201
199 202
199 203
199 204
199 954
200 201
200 202
200 204
200 205
200 206
200 207
200 513
200 739
200 906
201 202
201 203
201 204
201 205
201 206
201 207
201 235
201 456
202 203
202 204
202 205
202 206
202 207
202 208
202 209
202 973
203 204
203 205
203 206
203 207
203 208
203 577
203 940
204 205
204 207
204 208
204 209
204 211
204 932
204 206
204 707
204 585
205 206
205 208
205 209
205 210
205 212
205 686
205 310
205 687
206 207
206 208
206 210
206 213
206 636
206 453
207 208
207 210
207 211
207 213
207 214
207 230
207 551
208 209
208 210
208 211
208 212
208 213
208 214
209 210
209 212
209 213
209 214
209 216
209 625
209 991
209 740
210 211
210 212
210 214
210 215
210 447
210 831
210 421
210 949
211 212
211 213
211 214
211 216
211 217
211 474
211 472
211 529
211 826
211 320
212 213
212 215
212 218
212 503
212 967
212 808
212 667
213 214
213 216
213 217
213 218
213 219
213 220
213 263
213 253
213 741
214 215
214 217
214 218
214 219
214 220
214 781
214 952
214 630
214 368
215 216
215 217
215 218
215 220
215 221
215 222
215 897
215 610
216 217
216 221
216 222
216 223
216 557
216 671
216 723
217 218
217 221
217 222
217 223
217 224
217 671
217 750
218 219
218 221
218 222
218 223
218 224
218 225
218 563
218 928
218 541
219 220
219 222
219 223
219 224
219 225
219 226
219 433
220 221
220 222
220 223
220 224
220 225
220 226
220 227
220 663
221 222
221 223
221 225
221 228
221 325
221 254
221 834
222 223
222 225
222 226
222 227
222 228
222 250
222 820
223 225
223 226
223 227
223 229
223 230
223 891
223 564
223 695
224 225
224 226
224 227
224 228
224 229
224 230
224 231
224 406
225 226
225 227
225 228
225 229
225 230
225 231
225 473
225 663
225 602
226 228
226 230
226 231
226 232
226 233
226 924
227 228
227 229
227 230
227 231
227 233
227 234
227 885
227 254
227 497
228 229
228 230
228 231
228 232
228 234
228 945
228 469
229 230
229 231
229 232
229 233
229 235
229 236
229 907
230 232
230 233
230 235
230 236
230 237
231 232
231 233
231 234
231 235
231 236
231 237
231 238
231 266
231 571
231 383
232 234
232 235
232 236
232 238
232 239
232 482
232 522
233 234
233 235
233 236
233 238
233 239
233 240
233 484
233 412
233 661
234 235
234 236
234 237
234 238
234 239
234 240
234 241
234 856
235 236
235 237
235 238
235 240
235 241
235 242
235 709
235 270
236 238
236 239
236 240
236 241
236 242
236 243
236 556
236 445
236 990
237 238
237 239
237 240
237 241
237 242
237 243
237 834
238 239
238 241
238 242
238 243
238 244
238 245
238 403
239 240
239 243
239 244
239 245
239 246
239 559
239 496
239 595
239 625
240 241
240 242
240 244
240 245
240 461
240 780
240 626
240 476
241 242
241 243
241 244
241 245
241 247
241 724
241 520
241 850
242 243
242 244
242 245
242 246
242 247
242 248
242 249
243 244
243 245
243 247
243 248
243 249
243 250
243 684
243 314
244 245
244 246
244 247
244 248
244 249
244 250
244 251
245 248
245 249
245 250
245 251
245 252
245 595
245 565
246 247
246 248
246 251
246 252
246 573
246 911
246 503
246 591
246 385
247 248
247 249
247 250
247 252
247 253
247 254
247 316
247 383
248 250
248 251
248 253
248 254
248 255
248 402
248 536
248 750
248 332
249 252
249 255
249 256
249 509
249 598
249 776
249 552
250 251
250 252
250 253
250 254
250 255
250 257
250 960
250 718
250 886
251 252
251 255
251 256
251 257
251 258
251 571
252 253
252 256
252 259
252 881
252 309
252 714
253 254
253 255
253 256
253 258
253 259
253 260
253 308
254 255
254 256
254 260
254 929
254 416
254 892
255 256
255 257
255 258
255 260
255 261
255 590
255 658
255 982
255 650
255 790
255 994
255 622
256 257
256 258
256 259
256 260
256 262
256 263
256 302
256 308
256 424
256 353
257 261
257 262
257 263
257 264
257 409
257 648
258 259
258 260
258 261
258 262
258 264
258 265
258 898
258 798
258 484
259 260
259 261
259 262
259 263
259 264
259 266
259 851
259 356
260 261
260 262
260 263
260 264
260 265
260 266
260 267
261 263
261 264
261 265
261 267
261 268
261 503
261 801
261 271
262 263
262 264
262 266
262 268
262 375
262 879
262 479
262 685
262 432
263 265
263 266
263 267
263 268
263 269
263 270
263 630
263 601
263 489
263 705
264 265
264 266
264 268
264 269
264 270
264 271
264 331
264 615
264 547
265 266
265 267
265 268
265 270
265 272
265 720
265 726
265 948
266 268
266 269
266 270
266 271
266 272
266 273
266 324
267 268
267 269
267 273
267 274
267 353
267 352
267 568
267 560
268 269
268 270
268 272
268 273
268 275
268 848
269 272
269 274
269 275
269 681
269 768
269 512
269 663
270 271
270 272
270 274
270 276
270 277
270 697
270 440
271 272
271 273
271 274
271 275
271 276
271 277
271 278
271 280
272 273
272 274
272 275
272 277
272 278
272 999
272 630
272 729
273 275
273 277
273 278
273 280
273 311
273 727
273 288
273 909
273 686
274 275
274 276
274 277
274 278
274 279
274 280
274 281
274 804
274 950
274 857
275 276
275 277
275 278
275 279
275 281
275 838
275 632
275 761
275 469
276 278
276 279
276 280
276 281
276 282
276 283
276 978
277 278
277 279
277 280
277 281
277 282
277 283
277 284
278 279
278 280
278 281
278 282
278 283
278 284
278 285
279 280
279 281
279 282
279 283
279 284
279 285
279 286
280 282
280 283
280 284
280 287
280 787
281 283
281 284
281 285
281 286
281 287
281 288
281 898
281 809
281 617
282 285
282 286
282 287
282 289
282 851
282 400
282 529
283 285
283 286
283 287
283 288
283 290
283 814
283 888
284 285
284 287
284 288
284 290
284 291
284 612
284 563
284 823
285 286
285 287
285 289
285 290
285 292
285 326
285 485
286 287
286 288
286 289
286 292
286 293
286 621
286 960
286 725
286 319
286 439
287 288
287 289
287 290
287 291
287 294
287 788
287 371
288 289
288 291
288 292
288 294
288 295
289 290
289 291
289 292
289 293
289 294
289 296
289 886
289 589
290 292
290 293
290 294
290 295
290 296
290 297
290 327
290 966
291 292
291 293
291 294
291 295
291 296
291 297
291 298
291 743
291 741
291 694
292 293
292 295
292 298
292 299
292 904
292 426
292 518
292 907
293 294
293 295
293 296
293 298
293 300
293 711
293 360
294 297
294 298
294 299
294 300
294 301
294 324
294 696
295 296
295 297
295 298
295 301
295 302
295 465
295 696
295 861
295 795
295 840
296 297
296 298
296 299
296 300
296 301
296 303
296 437
296 358
296 610
297 298
297 300
297 302
297 303
297 304
297 694
297 490
297 636
297 356
298 300
298 302
298 303
298 304
298 305
298 641
298 677
298 464
298 557
299 301
299 302
299 304
299 305
299 306
299 773
299 332
300 301
300 303
300 306
300 920
300 749
300 488
300 471
301 302
301 303
301 305
301 306
301 307
301 308
301 866
301 880
302 303
302 307
302 308
302 309
302 744
302 830
303 304
303 305
303 306
303 307
303 308
303 309
303 310
304 305
304 306
304 307
304 308
304 309
304 310
304 311
304 436
304 918
305 307
305 308
305 309
305 311
305 312
305 594
305 316
305 965
306 307
306 308
306 309
306 310
306 311
306 312
306 313
306 704
306 757
307 308
307 309
307 310
307 311
307 312
307 313
307 314
307 527
308 310
308 312
308 314
308 315
308 511
308 894
308 656
309 310
309 311
309 312
309 313
309 314
309 315
309 316
309 739
310 311
310 312
310 313
310 315
310 316
310 317
310 362
311 313
311 314
311 315
311 316
311 317
311 318
311 650
312 313
312 314
312 318
312 319
312 615
312 868
312 611
313 314
313 315
313 316
313 317
313 318
313 319
313 320
313 947
313 675
314 315
314 316
314 317
314 318
314 320
314 321
314 640
314 853
314 999
315 316
315 317
315 318
315 320
315 321
315 322
315 841
315 665
316 318
316 319
316 320
316 321
316 322
316 323
316 735
316 455
316 634
317 318
317 319
317 321
317 322
317 323
317 324
317 688
318 319
318 320
318 321
318 322
318 323
318 324
318 325
319 320
319 322
319 323
319 325
319 511
319 610
320 322
320 324
320 326
320 327
320 929
320 420
321 322
321 323
321 325
321 326
321 327
321 856
321 447
321 434
322 324
322 326
322 327
322 328
322 329
322 517
322 349
322 411
322 704
323 324
323 325
323 326
323 327
323 328
323 329
323 330
324 327
324 328
324 329
324 330
324 331
325 326
325 327
325 328
325 329
325 330
325 331
325 332
325 541
326 327
326 328
326 329
326 330
326 332
326 333
326 951
326 522
326 720
326 568
327 328
327 329
327 332
327 333
327 334
327 581
327 900
328 330
328 331
328 332
328 333
328 334
328 335
328 998
329 330
329 332
329 333
329 334
329 335
329 732
329 864
329 701
330 332
330 333
330 334
330 335
330 336
330 337
330 949
331 332
331 333
331 336
331 337
331 338
332 333
332 334
332 337
332 338
332 339
332 732
333 334
333 335
333 336
333 337
333 338
333 339
334 335
334 337
334 338
334 339
334 340
334 341
334 789
334 505
335 336
335 337
335 338
335 341
335 342
335 852
335 539
335 810
335 780
336 337
336 339
336 340
336 341
336 343
336 655
337 338
337 339
337 341
337 342
337 343
337 344
337 825
337 448
337 477
338 339
338 341
338 342
338 344
338 345
338 349
338 384
339 340
339 341
339 342
339 344
339 345
339 934
339 702
339 464
340 341
340 342
340 344
340 345
340 347
340 766
341 344
341 345
341 347
341 348
341 958
341 677
342 344
342 345
342 346
342 347
342 348
342 349
342 772
342 401
342 738
343 344
343 345
343 346
343 347
343 348
343 349
343 350
343 770
344 345
344 346
344 347
344 348
344 349
344 350
344 351
345 346
345 347
345 349
345 350
345 351
345 352
345 416
345 544
345 548
345 598
345 478
346 348
346 349
346 351
346 352
346 353
346 427
347 348
347 350
347 351
347 352
347 353
347 354
347 981
348 349
348 350
348 351
348 353
348 354
348 355
348 908
348 724
349 351
349 352
349 354
349 356
349 736
349 456
350 351
350 352
350 353
350 354
350 355
350 356
350 357
350 964
350 438
351 352
351 353
351 354
351 355
351 356
351 358
351 377
351 837
352 353
352 354
352 355
352 356
352 357
352 359
352 545
352 917
353 354
353 355
353 356
353 357
353 359
353 360
353 703
354 355
354 356
354 357
354 359
354 360
354 361
354 680
355 356
355 357
355 358
355 360
355 361
355 523
355 805
355 446
355 972
355 450
355 936
355 512
356 357
356 358
356 359
356 360
356 361
356 628
356 657
357 358
357 360
357 362
357 363
357 364
357 390
357 454
357 367
358 359
358 360
358 362
358 363
358 364
358 847
358 514
359 361
359 362
359 363
359 364
359 365
359 366
360 361
360 362
360 364
360 365
360 366
360 367
360 885
361 362
361 363
361 365
361 366
361 367
361 368
361 883
362 363
362 365
362 366
362 367
362 368
362 786
363 365
363 368
363 369
363 370
363 969
363 834
363 717
363 463
363 402
364 365
364 366
364 367
364 369
364 370
364 371
364 832
364 828
365 366
365 367
365 368
365 369
365 371
365 448
365 595
365 953
366 367
366 368
366 369
366 370
366 371
366 372
366 373
367 368
367 369
367 370
367 371
367 372
367 374
368 369
368 370
368 371
368 372
368 373
368 374
368 615
368 692
368 497
369 371
369 372
369 373
369 374
369 375
369 376
369 424
370 371
370 372
370 373
370 374
370 375
370 376
370 377
370 946
371 374
371 375
371 376
371 377
371 378
371 443
371 880
371 480
372 373
372 375
372 376
372 377
372 378
372 379
372 663
372 838
373 374
373 376
373 377
373 378
373 380
373 392
373 425
373 801
373 877
373 910
374 376
374 377
374 378
374 379
374 380
374 381
374 890
375 378
375 379
375 380
375 381
375 382
375 864
375 508
375 845
376 378
376 379
376 380
376 381
376 382
376 383
376 582
376 989
377 379
377 382
377 383
377 384
377 424
377 407
378 379
378 380
378 381
378 382
378 383
378 384
378 385
378 602
378 995
379 380
379 381
379 382
379 384
379 386
379 684
379 935
379 922
380 381
380 382
380 383
380 385
380 386
380 417
380 851
380 706
380 904
380 923
381 383
381 384
381 386
381 387
381 388
381 467
381 552
381 459
382 383
382 384
382 385
382 386
382 387
382 388
382 389
382 756
383 384
383 385
383 388
383 390
383 472
383 546
383 940
384 385
384 388
384 389
384 390
384 437
384 795
384 888
385 386
385 388
385 389
385 391
385 392
385 493
385 989
385 664
386 387
386 388
386 389
386 391
386 392
386 393
386 668
386 972
387 388
387 389
387 392
387 393
387 394
387 844
387 396
387 611
388 389
388 391
388 392
388 393
388 394
388 575
388 781
389 390
389 391
389 392
389 394
389 395
389 396
389 940
389 608
390 391
390 394
390 395
390 396
390 397
390 982
390 908
391 392
391 395
391 396
391 397
391 592
391 419
391 659
392 393
392 395
392 396
392 397
392 398
392 399
393 394
393 395
393 396
393 398
393 399
393 400
393 793
393 748
394 395
394 396
394 397
394 398
394 399
394 400
394 401
395 396
395 399
395 400
395 401
395 821
395 972
395 764
396 397
396 399
396 400
396 401
396 403
396 609
396 930
396 813
397 398
397 399
397 400
397 401
397 402
397 403
397 404
397 442
397 674
397 977
398 401
398 402
398 404
398 405
398 911
398 512
398 867
399 400
399 401
399 402
399 403
399 404
399 405
399 406
399 821
399 965
399 599
400 401
400 402
400 403
400 405
400 407
400 646
401 402
401 403
401 404
401 406
401 407
401 408
401 583
402 403
402 404
402 405
402 406
402 407
402 408
402 409
403 404
403 406
403 407
403 408
403 409
403 410
403 448
403 846
403 733
404 405
404 406
404 409
404 411
404 803
404 870
404 550
405 406
405 407
405 409
405 410
405 411
405 412
405 438
406 407
406 408
406 409
406 411
406 413
406 735
407 408
407 409
407 410
407 411
407 412
407 413
407 577
408 409
408 411
408 413
408 414
408 415
408 773
408 459
408 650
409 410
409 411
409 412
409 413
409 414
409 415
409 416
410 411
410 412
410 414
410 415
410 416
410 689
410 745
410 889
411 414
411 464
411 816
411 638
412 413
412 414
412 415
412 417
412 418
412 419
412 753
413 414
413 415
413 416
413 417
413 418
413 419
413 420
413 733
414 415
414 417
414 418
414 419
414 421
414 718
415 416
415 417
415 419
415 420
415 422
415 819
415 808
415 454
416 418
416 419
416 420
416 421
416 422
416 423
416 970
417 419
417 420
417 421
417 422
417 423
417 424
418 419
418 420
418 422
418 423
418 424
418 425
418 824
419 420
419 421
419 422
419 423
419 424
419 425
419 426
419 935
420 421
420 423
420 424
420 426
420 427
420 515
420 941
420 968
421 422
421 423
421 424
421 425
421 426
421 427
421 428
421 607
422 423
422 424
422 425
422 426
422 427
422 428
422 429
423 424
423 425
423 428
423 430
423 813
423 834
423 889
423 515
424 426
424 427
424 428
424 429
424 430
424 431
424 637
425 426
425 427
425 428
425 429
425 431
425 432
425 862
425 925
426 427
426 428
426 430
426 431
426 432
426 433
426 992
427 428
427 430
427 431
427 432
427 433
427 434
427 565
428 429
428 430
428 431
428 432
428 434
428 435
428 503
428 902
428 933
429 430
429 432
429 433
429 434
429 435
429 436
429 637
430 431
430 432
430 434
430 437
430 967
430 779
431 432
431 433
431 434
431 435
431 436
431 437
431 438
431 831
432 433
432 434
432 435
432 436
432 437
432 438
433 434
433 435
433 436
433 437
433 438
433 439
433 440
433 528
434 436
434 437
434 439
434 440
434 678
434 497
435 436
435 437
435 438
435 439
435 440
435 442
435 858
436 437
436 440
436 441
436 442
436 443
437 439
437 440
437 441
437 443
437 444
437 512
437 841
438 439
438 440
438 444
438 646
438 582
438 639
438 850
439 441
439 442
439 444
439 445
439 774
440 442
440 443
440 444
440 447
440 515
440 560
440 594
440 819
441 442
441 445
441 446
441 447
441 448
441 767
442 443
442 444
442 446
442 447
442 448
442 449
442 560
442 597
443 444
443 445
443 446
443 447
443 450
443 451
443 548
443 913
444 445
444 446
444 447
444 449
444 450
444 451
444 721
444 994
445 447
445 448
445 450
445 451
445 452
445 997
445 682
446 447
446 448
446 449
446 450
446 451
446 452
446 453
446 652
447 448
447 449
447 450
447 451
447 453
448 450
448 451
448 452
448 453
448 455
448 845
448 908
448 981
449 450
449 451
449 452
449 453
449 455
449 456
449 980
450 451
450 452
450 454
450 457
450 977
451 452
451 453
451 454
451 455
451 456
451 471
452 453
452 454
452 455
452 456
452 457
452 459
452 813
453 454
453 455
453 456
453 457
453 458
453 459
453 460
453 770
454 455
454 456
454 457
454 458
454 459
454 460
454 567
454 854
454 905
455 456
455 457
455 458
455 461
455 911
455 875
455 493
456 457
456 458
456 459
456 460
456 461
456 462
456 463
457 458
457 459
457 460
457 602
457 516
457 751
457 893
458 459
458 460
458 461
458 462
458 463
458 465
458 768
458 985
458 952
458 483
459 460
459 461
459 463
459 464
459 465
459 466
459 985
459 737
460 464
460 465
460 466
460 874
460 592
460 792
460 802
460 672
461 463
461 464
461 465
461 467
461 468
461 800
461 596
462 463
462 464
462 465
462 466
462 468
462 469
462 642
462 922
462 912
463 464
463 465
463 467
463 469
463 843
463 726
464 465
464 467
464 469
464 470
464 664
465 466
465 468
465 469
465 470
465 471
465 472
466 467
466 468
466 469
466 470
466 471
466 472
466 473
466 933
466 522
467 468
467 470
467 471
467 472
467 473
468 469
468 470
468 471
468 472
468 473
468 474
468 475
468 956
469 470
469 471
469 472
469 473
469 475
469 476
469 490
469 938
470 471
470 472
470 473
470 474
470 475
470 556
470 669
471 472
471 473
471 474
471 475
471 477
472 473
472 474
472 475
472 476
472 477
472 479
472 691
472 537
473 474
473 476
473 478
473 479
473 480
473 838
473 587
474 476
474 477
474 478
474 480
474 481
475 476
475 477
475 478
475 480
475 482
475 554
475 941
476 478
476 479
476 480
476 481
476 482
476 483
476 895
476 491
477 478
477 480
477 481
477 482
477 484
477 857
477 752
478 479
478 480
478 481
478 483
478 484
479 480
479 481
479 482
479 483
479 484
479 486
479 491
479 521
480 481
480 482
480 484
480 485
480 486
480 564
481 482
481 483
481 484
481 485
481 486
481 487
481 558
482 483
482 484
482 485
482 486
482 487
482 488
482 489
482 804
482 519
483 484
483 485
483 486
483 487
483 488
483 489
483 490
483 861
484 485
484 486
484 488
484 489
484 490
484 838
485 486
485 487
485 489
485 491
485 942
485 763
485 766
485 854
486 487
486 488
486 489
486 490
486 491
486 492
486 493
486 710
486 907
487 488
487 489
487 490
487 491
487 493
487 898
487 554
487 888
488 489
488 490
488 491
488 492
488 493
488 494
488 495
489 491
489 492
489 493
489 494
489 496
489 950
490 491
490 492
490 493
490 494
490 496
490 497
490 994
490 623
490 551
491 493
491 494
491 496
491 497
491 498
491 566
492 493
492 495
492 496
492 497
492 499
492 505
492 603
492 860
492 678
493 495
493 496
493 497
493 498
493 500
493 587
494 495
494 496
494 497
494 498
494 499
494 500
494 501
494 741
495 496
495 497
495 498
495 499
495 500
495 501
495 502
496 497
496 498
496 499
496 500
496 502
496 503
496 849
496 613
496 993
496 766
497 499
497 562
497 850
497 678
497 536
498 499
498 501
498 503
498 504
498 505
498 804
498 740
498 670
498 610
498 702
498 901
499 500
499 501
499 502
499 503
499 505
499 506
499 950
500 501
500 502
500 503
500 504
500 505
500 507
500 895
501 502
501 503
501 504
501 505
501 506
501 507
501 508
501 657
501 948
501 530
502 505
502 506
502 507
502 508
502 509
502 571
503 505
503 508
503 509
503 510
503 605
503 848
503 944
504 505
504 506
504 507
504 508
504 509
504 510
505 506
505 507
505 509
505 511
506 507
506 508
506 509
506 511
506 512
506 513
506 944
507 508
507 509
507 510
507 513
507 514
507 809
507 609
508 509
508 510
508 511
508 512
508 513
508 515
508 526
509 511
509 512
509 513
509 514
509 515
509 516
510 511
510 513
510 514
510 515
510 516
510 517
510 918
511 512
511 513
511 514
511 516
511 517
511 518
511 936
512 513
512 514
512 515
512 516
512 518
512 562
512 915
512 647
513 518
513 519
513 520
513 966
513 884
513 719
513 646
514 515
514 516
514 518
514 519
514 521
514 567
514 851
515 516
515 517
515 518
515 519
515 520
515 521
515 522
516 519
516 520
516 521
516 522
516 523
516 591
517 518
517 520
517 521
517 522
517 523
517 524
517 769
518 519
518 520
518 521
518 523
518 524
518 525
519 520
519 521
519 522
519 523
519 524
519 526
520 521
520 522
520 523
520 526
520 527
520 867
520 872
521 522
521 523
521 524
521 525
521 526
521 527
521 632
522 526
522 527
522 528
522 529
522 846
523 525
523 526
523 527
523 528
523 529
523 530
523 728
524 525
524 526
524 528
524 529
524 530
524 531
524 750
524 579
525 526
525 527
525 528
525 529
525 530
525 531
525 532
525 908
526 527
526 528
526 529
526 530
526 531
526 532
527 528
527 529
527 530
527 532
527 799
527 535
527 693
527 928
528 529
528 530
528 531
528 532
528 534
528 535
528 540
529 531
529 532
529 533
529 536
529 681
530 531
530 532
530 533
530 534
530 535
530 537
530 809
530 546
531 532
531 533
531 534
531 535
531 537
531 538
531 738
531 609
532 533
532 534
532 536
532 537
532 538
532 539
532 808
533 534
533 535
533 536
533 537
533 539
533 540
533 983
533 589
533 786
534 535
534 536
534 537
534 538
534 539
534 540
534 541
534 657
535 536
535 539
535 540
535 541
535 542
535 963
535 838
536 537
536 539
536 541
536 542
536 672
537 538
537 539
537 540
537 542
537 544
537 736
538 540
538 541
538 542
538 543
538 544
538 545
538 814
538 965
539 540
539 542
539 544
539 545
539 546
539 807
539 949
539 614
540 541
540 542
540 543
540 545
540 546
540 547
541 542
541 543
541 545
541 548
541 893
541 627
541 683
542 543
542 544
542 545
542 548
542 549
542 566
542 875
542 795
542 761
543 544
543 546
543 547
543 548
543 549
543 550
543 829
544 546
544 547
544 548
544 550
544 686
544 697
545 546
545 547
545 548
545 550
545 551
545 552
545 927
546 547
546 548
546 551
546 552
546 553
546 882
546 827
547 549
547 550
547 551
547 554
547 628
547 827
547 853
547 863
548 550
548 551
548 554
548 913
548 863
548 980
548 764
548 667
549 550
549 551
549 552
549 553
549 554
549 555
549 556
550 551
550 552
550 553
550 554
550 555
550 556
550 557
550 656
551 553
551 554
551 555
551 557
551 728
551 952
552 553
552 554
552 556
552 558
552 559
553 554
553 555
553 556
553 557
553 559
553 560
554 555
554 556
554 558
554 559
554 560
554 561
554 570
555 557
555 560
555 561
555 562
555 965
555 844
555 790
556 559
556 561
556 562
556 864
556 698
557 558
557 560
557 562
557 563
557 564
557 704
557 882
557 880
558 559
558 560
558 561
558 562
558 692
558 833
559 561
559 562
559 563
559 564
559 565
559 566
560 563
560 565
560 567
560 612
561 562
561 563
561 564
561 566
561 567
561 925
561 793
562 564
562 565
562 566
562 569
562 642
562 846
562 665
563 564
563 565
563 566
563 567
563 568
563 569
563 570
564 566
564 567
564 568
564 569
564 570
564 571
564 843
565 566
565 567
565 568
565 569
565 570
565 571
565 572
566 567
566 569
566 571
566 572
566 605
566 889
567 570
567 571
567 572
567 573
567 574
567 623
568 569
568 570
568 571
568 572
568 573
568 574
568 648
568 784
569 570
569 571
569 572
569 573
569 574
569 575
569 576
570 571
570 572
570 574
570 575
570 576
570 820
570 972
571 575
571 576
571 577
571 578
571 920
571 739
572 573
572 574
572 577
572 578
572 579
572 582
572 950
572 765
573 576
573 578
573 579
573 580
573 847
573 660
574 575
574 576
574 577
574 578
574 579
574 580
574 581
575 576
575 577
575 578
575 579
575 581
575 582
575 667
575 627
576 577
576 579
576 581
576 582
576 764
576 828
576 848
577 578
577 579
577 580
577 581
577 584
577 983
577 873
577 921
578 579
578 580
578 581
578 582
578 583
578 584
578 585
579 580
579 581
579 582
579 583
579 584
579 585
579 586
580 581
580 582
580 583
580 584
580 585
580 586
580 587
581 582
581 583
581 584
581 585
581 587
581 588
581 878
581 880
581 850
582 583
582 584
582 585
582 587
582 588
582 589
583 584
583 586
583 587
583 588
583 589
583 590
584 585
584 586
584 587
584 589
584 590
584 951
585 586
585 587
585 588
585 589
585 590
585 592
586 587
586 588
586 589
586 590
586 591
586 592
586 963
587 588
587 589
587 590
587 593
587 942
587 883
587 831
588 589
588 590
588 591
588 592
588 593
588 594
589 590
589 591
589 592
589 593
589 594
589 596
589 787
589 776
590 592
590 593
590 594
590 595
590 597
591 592
591 593
591 596
591 597
591 598
591 955
591 672
591 651
592 594
592 595
592 596
592 597
592 598
592 599
592 731
593 594
593 595
593 597
593 598
593 599
593 600
593 930
594 596
594 599
594 600
594 601
594 871
594 699
594 928
594 763
595 596
595 597
595 599
595 600
595 601
595 602
595 925
596 597
596 598
596 599
596 600
596 601
596 602
596 603
596 932
596 935
597 598
597 599
597 600
597 601
597 602
597 603
598 599
598 600
598 603
598 604
598 619
598 827
598 989
599 600
599 601
599 602
599 603
599 606
599 966
600 601
600 603
600 604
600 605
600 607
600 754
600 682
600 672
601 602
601 603
601 604
601 605
601 607
601 608
602 605
602 606
602 607
602 608
602 609
602 920
603 604
603 605
603 606
603 607
603 609
603 610
604 605
604 606
604 607
604 608
604 610
604 611
604 754
604 961
605 607
605 609
605 610
605 611
605 612
605 910
606 607
606 608
606 609
606 610
606 611
606 613
606 653
607 608
607 609
607 610
607 612
607 613
607 614
607 979
608 609
608 610
608 611
608 612
608 613
608 614
608 615
609 610
609 612
609 613
609 614
609 616
609 845
610 612
610 613
610 614
610 615
611 612
611 613
611 615
611 616
611 617
611 618
611 735
611 700
612 613
612 614
612 616
612 617
612 618
612 619
613 614
613 615
613 616
613 617
613 618
613 619
613 620
614 615
614 616
614 617
614 618
614 619
614 620
614 641
614 729
615 616
615 618
615 619
615 621
615 622
615 923
616 617
616 618
616 622
616 623
616 827
616 778
617 618
617 619
617 620
617 622
617 623
617 624
618 620
618 621
618 623
618 624
618 810
618 705
619 620
619 621
619 622
619 623
619 624
619 625
619 626
619 705
620 621
620 622
620 623
620 624
620 626
620 627
620 638
621 622
621 623
621 624
621 625
621 626
621 627
621 628
621 900
622 623
622 624
622 625
622 627
622 946
622 920
623 624
623 625
623 627
623 629
623 630
623 809
624 625
624 626
624 627
624 628
624 629
624 630
624 631
625 626
625 627
625 628
625 629
625 630
625 632
626 627
626 628
626 629
626 630
626 631
626 632
626 897
627 628
627 629
627 630
627 632
627 633
627 973
628 629
628 630
628 632
628 634
628 635
628 815
628 797
629 630
629 631
629 632
629 633
629 634
629 635
629 636
629 750
629 822
629 992
630 631
630 632
630 633
630 635
630 636
630 637
630 784
631 633
631 634
631 635
631 636
631 637
631 638
631 813
632 633
632 635
632 637
632 638
633 634
633 635
633 636
633 637
633 638
633 640
633 989
633 824
634 636
634 637
634 638
634 640
634 826
634 793
635 636
635 637
635 638
635 639
635 640
635 642
635 961
636 638
636 639
636 640
636 641
636 643
636 959
637 638
637 639
637 641
637 642
637 643
637 644
637 680
637 732
637 830
638 639
638 640
638 641
638 642
638 643
638 644
638 645
639 640
639 641
639 642
639 643
639 645
639 971
640 641
640 642
640 643
640 644
640 645
640 646
640 647
641 642
641 645
641 647
641 648
641 803
641 864
642 643
642 644
642 645
642 646
642 647
642 648
642 844
643 644
643 645
643 646
643 647
643 648
643 649
643 650
643 731
643 946
644 646
644 647
644 648
644 649
644 650
644 651
645 646
645 647
645 648
645 649
645 650
645 651
645 652
646 647
646 648
646 649
646 650
646 652
646 653
647 648
647 649
647 650
647 652
647 653
647 855
648 649
648 650
648 651
648 652
648 654
649 650
649 651
649 653
649 654
649 655
649 656
650 651
650 652
650 654
650 655
651 652
651 653
651 654
651 655
651 656
651 657
651 658
652 653
652 654
652 655
652 656
652 659
652 783
652 720
653 654
653 655
653 656
653 660
653 783
653 819
653 847
654 655
654 656
654 657
654 659
654 660
654 661
655 656
655 657
655 658
655 659
655 661
655 662
655 870
655 970
655 829
656 658
656 661
656 662
656 820
657 658
657 661
657 662
657 663
657 664
658 659
658 661
658 662
658 663
658 664
658 665
658 866
659 660
659 661
659 662
659 663
659 664
659 665
659 666
660 661
660 662
660 663
660 664
660 665
660 667
661 662
661 663
661 664
661 665
661 666
661 667
662 663
662 664
662 665
662 666
662 667
662 668
662 669
663 665
663 666
663 667
663 670
664 666
664 667
664 668
664 669
664 671
664 731
665 666
665 667
665 669
665 670
665 857
666 667
666 668
666 669
666 670
666 671
666 672
666 673
667 668
667 669
667 671
667 672
667 673
667 674
668 669
668 670
668 673
668 674
668 675
668 980
669 671
669 672
669 673
669 674
669 675
669 676
669 966
670 671
670 674
670 675
670 676
670 677
670 688
670 915
671 672
671 673
671 674
671 675
671 676
671 879
672 674
672 675
672 677
672 678
672 679
672 959
672 830
672 917
673 674
673 675
673 676
673 677
673 678
673 679
673 680
674 675
674 676
674 677
674 678
674 679
674 681
674 921
675 676
675 677
675 678
675 679
675 680
675 682
676 677
676 678
676 679
676 680
676 681
676 682
676 683
677 678
677 679
677 680
677 681
677 682
677 683
677 813
678 679
678 680
678 681
678 682
678 683
678 685
679 680
679 681
679 682
679 684
679 685
679 686
679 757
680 681
680 684
680 686
680 891
680 820
681 682
681 684
681 685
681 686
681 687
682 683
682 684
682 685
682 688
682 689
683 685
683 686
683 688
683 689
683 690
683 731
684 685
684 687
684 688
684 689
684 690
684 691
684 845
685 686
685 687
685 688
685 689
685 690
685 691
685 692
686 687
686 688
686 689
686 690
686 691
686 692
687 688
687 689
687 690
687 692
687 693
687 694
687 731
688 689
688 690
688 692
688 693
688 694
688 695
688 701
688 901
688 790
689 690
689 691
689 692
689 694
689 696
689 737
689 912
690 691
690 692
690 693
690 694
690 695
690 696
690 697
691 692
691 694
691 695
691 696
691 697
691 698
691 931
692 694
692 697
692 698
692 699
692 878
692 883
693 696
693 697
693 699
693 700
693 870
693 956
693 715
693 971
694 696
694 697
694 699
694 700
694 701
694 898
695 696
695 697
695 698
695 699
695 701
695 702
696 697
696 699
696 700
696 701
696 702
696 718
697 698
697 699
697 700
697 702
697 844
698 699
698 700
698 702
698 703
698 704
698 705
698 754
699 700
699 702
699 703
699 704
699 705
699 706
700 701
700 702
700 703
700 704
700 705
700 707
701 703
701 704
701 705
701 706
701 707
701 708
702 703
702 705
702 706
702 708
702 709
703 705
703 707
703 709
703 710
703 819
704 707
704 708
704 709
704 710
704 711
705 707
705 708
705 709
705 710
705 711
706 707
706 708
706 709
706 710
706 711
706 712
706 713
707 708
707 709
707 710
707 711
707 712
707 713
707 714
708 709
708 710
708 712
708 714
708 715
708 815
708 802
709 710
709 711
709 712
709 714
709 715
709 716
709 907
710 711
710 712
710 713
710 714
710 716
710 717
711 712
711 713
711 714
711 716
711 718
711 951
711 747
712 713
712 714
712 715
712 716
712 717
712 718
712 984
713 714
713 715
713 716
713 717
713 718
713 719
713 720
713 851
714 715
714 716
714 717
714 718
714 719
714 721
714 811
714 857
715 716
715 717
715 718
715 719
715 720
715 721
715 722
716 717
716 718
716 720
716 721
716 722
716 723
716 909
717 718
717 720
717 721
717 723
717 932
717 746
718 719
718 720
718 721
718 724
718 725
718 899
718 793
719 720
719 721
719 722
719 723
719 724
719 725
719 726
719 852
719 931
720 722
720 724
720 725
720 726
720 727
720 773
720 881
720 951
720 968
721 723
721 724
721 725
721 726
721 727
721 728
721 884
722 723
722 725
722 726
722 727
722 728
722 729
722 997
722 876
722 988
723 724
723 725
723 726
723 727
723 728
723 730
724 726
724 727
724 728
724 730
724 731
724 932
725 726
725 727
725 728
725 730
725 731
725 732
725 741
725 805
725 876
726 727
726 728
726 729
726 730
726 731
726 732
726 733
727 728
727 730
727 731
727 732
727 733
727 734
728 729
728 730
728 732
728 735
728 991
728 744
729 730
729 731
729 732
729 733
729 734
729 736
729 824
730 731
730 732
730 733
730 735
730 736
730 737
730 790
731 732
731 733
731 735
731 737
732 733
732 736
732 737
732 738
732 739
733 735
733 737
733 738
733 739
734 735
734 736
734 738
734 739
734 740
734 741
734 979
735 736
735 737
735 738
735 740
735 741
735 742
736 737
736 738
736 740
736 741
736 743
736 792
737 738
737 740
737 743
737 744
738 739
738 740
738 742
738 743
738 996
739 740
739 742
739 743
739 746
739 853
740 741
740 743
740 744
740 745
740 746
740 747
740 913
741 742
741 746
741 778
742 743
742 744
742 745
742 746
742 747
742 749
743 744
743 746
743 747
743 748
743 749
743 750
744 745
744 746
744 748
744 750
744 751
745 746
745 747
745 748
745 749
745 752
746 748
746 749
746 751
746 752
746 753
746 986
747 748
747 749
747 750
747 751
747 752
747 753
747 886
748 749
748 750
748 751
748 752
748 753
748 949
749 750
749 751
749 752
749 754
749 755
749 756
749 960
750 752
750 753
750 754
750 756
750 757
750 918
751 752
751 753
751 754
751 755
751 756
751 758
752 753
752 754
752 755
752 758
752 759
752 831
753 754
753 757
753 758
753 760
753 952
753 876
754 757
754 758
754 759
754 760
754 915
754 903
755 757
755 758
755 760
755 761
756 758
756 759
756 760
756 761
756 965
756 932
757 758
757 759
757 762
757 764
757 775
758 759
758 760
758 761
758 764
758 765
759 760
759 761
759 762
759 763
759 764
759 765
759 766
760 761
760 762
760 763
760 764
760 765
760 766
760 767
761 762
761 763
761 764
761 765
761 766
761 768
761 898
762 763
762 764
762 765
762 766
762 767
762 768
762 769
763 764
763 765
763 767
763 768
763 769
763 770
764 765
764 766
764 767
764 768
764 769
764 770
764 771
764 990
765 766
765 767
765 768
765 769
765 771
765 772
766 767
766 768
766 769
766 770
766 771
766 772
767 768
767 769
767 770
767 771
767 772
767 774
767 962
768 770
768 771
768 773
768 774
768 913
769 770
769 772
769 773
769 774
769 775
769 776
769 939
770 771
770 774
770 775
770 776
770 777
770 876
771 772
771 773
771 774
771 775
771 776
771 777
771 778
772 773
772 774
772 775
772 776
772 777
772 778
772 779
773 774
773 775
773 777
773 778
773 779
773 976
773 812
774 775
774 776
774 777
774 778
774 779
774 789
774 892
774 836
775 776
775 777
775 778
775 779
775 780
775 782
775 887
776 777
776 778
776 779
776 780
776 783
776 836
777 778
777 779
777 780
777 782
777 784
777 870
777 849
778 779
778 780
778 781
778 784
778 785
778 789
778 970
779 780
779 781
779 782
779 783
779 784
779 785
779 786
779 896
780 782
780 783
780 784
780 785
780 787
781 783
781 784
781 785
781 786
781 787
782 783
782 784
782 785
782 786
782 787
782 788
782 789
783 785
783 786
783 787
783 788
783 789
783 790
784 786
784 787
784 788
784 789
784 790
784 859
785 786
785 787
785 788
785 789
785 790
785 791
785 792
786 787
786 788
786 789
786 790
786 791
786 793
786 853
786 867
787 788
787 789
787 791
787 792
787 793
787 794
787 802
788 790
788 791
788 792
788 793
788 794
788 795
788 922
788 867
789 790
789 791
789 793
789 794
789 795
789 796
789 799
790 792
790 793
790 794
791 792
791 793
791 794
791 795
791 796
791 797
791 798
792 793
792 796
792 797
792 799
792 921
792 939
793 794
793 795
793 796
793 797
793 798
793 799
794 795
794 796
794 797
794 798
794 799
794 800
794 801
795 796
795 797
795 798
795 799
795 800
795 801
795 802
795 939
796 797
796 798
796 799
796 800
796 801
796 802
796 803
797 798
797 800
797 801
797 802
797 803
797 804
798 799
798 800
798 802
798 803
798 804
798 805
798 827
799 801
799 802
799 805
799 806
799 928
799 823
799 878
800 801
800 803
800 804
800 807
800 926
800 811
801 803
801 804
801 806
801 808
801 964
801 979
802 803
802 809
803 804
803 805
803 806
803 807
803 808
803 809
803 810
803 857
804 805
804 806
804 807
804 808
804 811
805 807
805 808
805 810
805 811
805 812
806 807
806 808
806 810
806 811
806 812
806 813
806 845
807 808
807 809
807 810
807 811
807 812
807 813
807 814
808 809
808 810
808 813
808 815
809 811
809 813
809 814
809 815
809 816
810 811
810 812
810 813
810 815
810 817
810 941
811 812
811 813
811 814
811 816
811 817
811 818
812 813
812 814
812 815
812 816
812 817
812 818
812 819
813 814
813 815
813 816
813 817
813 818
813 819
813 820
814 815
814 816
814 817
814 819
814 820
814 821
814 829
815 817
815 818
815 819
815 820
815 821
815 822
816 817
816 818
816 819
816 821
816 822
816 823
817 818
817 819
817 820
817 821
817 822
817 823
817 824
817 988
818 819
818 820
818 821
818 822
818 823
818 824
818 825
819 820
819 821
819 822
819 824
819 825
819 860
819 841
820 822
820 824
820 825
820 827
820 831
821 822
821 824
821 825
821 826
821 827
821 828
822 823
822 824
822 825
822 828
822 829
822 860
823 824
823 825
823 826
823 827
823 829
823 830
824 825
824 826
824 827
824 828
824 829
824 831
825 826
825 827
825 828
825 829
825 830
825 831
825 832
826 827
826 828
826 829
826 830
826 832
826 833
827 828
827 829
827 831
827 834
828 829
828 830
828 831
828 832
828 833
828 834
828 835
829 831
829 832
829 833
829 835
829 998
829 923
830 832
830 835
830 836
831 833
831 834
831 836
831 837
831 838
832 833
832 835
832 836
832 837
832 838
832 839
833 834
833 835
833 836
833 837
833 839
833 840
833 874
834 838
834 839
834 840
834 841
834 940
834 970
835 837
835 839
835 840
835 841
835 842
835 916
836 837
836 838
836 839
836 840
836 841
836 842
836 843
836 982
837 838
837 839
837 840
837 841
837 842
837 843
837 844
838 840
838 842
838 843
838 844
839 840
839 841
839 842
839 843
839 844
839 845
839 964
840 841
840 842
840 843
840 844
840 846
840 847
841 842
841 843
841 844
841 845
841 847
841 866
842 844
842 845
842 846
842 847
842 848
842 849
843 844
843 845
843 846
843 847
843 848
843 850
843 930
844 845
844 847
844 848
844 849
844 850
844 851
845 846
845 850
845 852
846 847
846 848
846 849
846 850
846 851
846 973
847 848
847 850
847 851
847 852
847 854
848 850
848 851
848 852
848 853
848 854
848 855
849 850
849 852
849 853
849 854
849 856
850 852
850 855
851 853
851 855
851 856
851 857
852 853
852 854
852 856
852 858
852 859
853 855
853 857
853 859
853 860
854 855
854 857
854 858
854 860
854 861
854 959
854 991
855 856
855 858
855 859
855 860
855 861
855 862
856 857
856 859
856 860
856 863
856 937
856 956
857 858
857 859
857 860
857 862
857 863
858 859
858 860
858 861
858 862
858 863
858 864
858 865
859 860
859 861
859 862
859 863
859 864
859 866
859 922
860 861
860 862
860 865
860 866
860 867
861 862
861 863
861 865
861 866
861 867
861 868
862 863
862 864
862 866
862 867
862 869
862 907
863 864
863 865
863 867
863 869
863 870
863 933
864 865
864 866
864 868
864 870
864 871
865 867
865 868
865 869
865 870
865 871
865 872
866 867
866 869
866 870
866 871
866 873
867 870
867 871
867 873
867 874
868 869
868 870
868 871
868 873
868 874
868 875
869 870
869 871
869 872
869 873
869 874
869 875
869 876
870 871
870 874
870 875
870 876
870 877
871 872
871 873
871 874
871 875
871 876
871 877
871 878
872 873
872 874
872 875
872 876
872 877
872 878
872 879
873 875
873 877
873 878
873 879
873 880
874 875
874 876
874 877
874 878
874 879
874 880
874 881
875 876
875 877
875 878
875 880
875 881
875 882
876 878
876 879
876 882
876 883
877 878
877 879
877 880
877 881
877 882
877 884
878 879
878 881
878 883
878 885
879 880
879 881
879 882
879 883
879 884
879 885
879 886
880 881
880 882
880 885
880 986
880 923
881 883
881 884
881 885
881 886
881 887
881 888
882 884
882 885
882 886
882 887
882 888
882 889
882 904
883 884
883 885
883 886
883 887
883 888
884 886
884 887
884 888
884 889
884 890
884 891
885 888
885 889
885 890
885 891
885 892
886 889
886 892
886 893
887 888
887 889
887 890
887 891
887 893
887 894
888 889
888 891
888 892
888 894
889 890
889 891
889 892
889 893
889 894
889 895
889 896
890 891
890 892
890 893
890 894
890 896
890 897
890 979
891 895
891 896
891 897
891 898
891 938
891 987
892 893
892 894
892 895
892 897
892 898
892 899
893 894
893 895
893 898
893 899
893 900
894 896
894 898
894 899
894 900
894 901
895 896
895 897
895 898
895 899
895 900
895 902
896 897
896 898
896 899
896 900
896 902
896 903
897 898
897 900
897 901
897 902
897 903
897 904
897 959
898 899
898 903
898 904
898 905
899 900
899 901
899 903
899 904
899 905
899 906
899 996
900 901
900 902
900 903
900 904
900 906
900 987
901 902
901 903
901 904
901 905
901 907
902 903
902 904
902 905
902 907
902 908
902 909
902 972
903 904
903 905
903 906
903 907
903 908
903 910
904 906
904 907
904 910
904 911
905 906
905 907
905 909
905 910
905 911
906 907
906 910
906 911
906 912
906 913
906 988
907 908
907 909
907 910
907 913
907 914
907 948
908 909
908 912
908 913
908 914
909 910
909 911
909 914
910 911
910 912
910 913
910 914
910 915
910 917
911 912
911 913
911 914
911 915
911 916
911 918
912 913
912 914
912 915
912 916
912 917
913 914
913 915
913 916
913 918
913 920
914 915
914 916
914 917
914 919
914 920
914 921
915 917
915 918
915 919
915 920
915 922
916 917
916 918
916 919
916 920
916 921
916 922
916 923
917 918
917 919
917 920
917 921
917 922
917 924
918 919
918 922
918 923
918 938
918 972
919 920
919 921
919 923
919 924
919 925
919 926
920 921
920 922
920 923
920 924
920 925
920 926
920 927
921 922
921 924
921 925
921 926
921 927
922 923
922 924
922 925
922 926
922 928
922 929
923 925
923 926
923 927
923 929
924 925
924 926
924 927
924 928
924 929
924 930
924 931
925 927
925 928
925 929
925 931
925 932
925 987
926 928
926 929
926 930
926 931
926 932
926 933
926 971
927 929
927 930
927 931
927 932
927 933
927 934
928 929
928 930
928 933
928 934
929 930
929 931
929 932
929 934
929 935
929 936
929 974
930 931
930 932
930 934
930 935
931 932
931 933
931 934
931 937
932 933
932 935
932 936
932 937
933 935
933 936
933 937
933 938
933 939
933 940
934 935
934 937
934 938
934 939
934 940
934 941
934 979
935 936
935 938
935 939
935 942
936 939
936 940
936 941
936 942
936 943
937 938
937 939
937 940
937 941
937 943
937 944
938 940
938 941
938 942
938 943
938 944
939 940
939 941
939 942
939 943
939 945
939 962
940 942
940 944
940 946
940 947
940 986
941 942
941 943
941 945
941 946
941 947
941 948
941 994
942 945
942 946
942 947
942 948
942 949
943 944
943 945
943 946
943 947
943 948
943 949
943 950
944 946
944 947
944 948
944 949
944 950
944 951
944 982
945 946
945 947
945 948
945 949
945 950
945 951
945 952
946 947
946 949
946 950
946 953
947 949
947 950
947 951
947 952
947 953
947 954
948 949
948 951
948 953
948 954
948 955
949 950
949 951
949 952
949 953
949 954
949 955
949 956
950 951
950 952
950 953
950 954
950 955
950 957
951 954
951 955
951 956
951 957
951 958
952 953
952 954
952 955
952 956
952 958
952 959
953 954
953 955
953 956
953 957
953 958
953 959
953 960
954 955
954 957
954 958
954 959
954 960
954 961
955 957
955 958
955 959
955 960
955 961
955 962
956 957
956 958
956 959
956 960
956 961
957 958
957 959
957 960
957 961
957 962
957 963
957 964
958 959
958 960
958 961
958 963
958 964
958 965
959 961
959 962
959 963
959 964
959 965
960 961
960 965
960 966
961 962
961 963
961 965
961 966
961 967
961 968
962 963
962 964
962 965
962 966
962 967
962 968
962 969
963 965
963 966
963 967
963 969
963 970
963 988
964 965
964 967
964 968
964 969
964 970
964 971
965 966
965 967
965 971
965 972
966 967
966 970
966 971
966 972
966 973
967 968
967 969
967 971
967 972
967 974
968 971
968 972
968 973
968 975
968 984
969 970
969 971
969 972
969 973
969 974
969 975
969 976
970 971
971 972
971 973
971 974
971 975
971 978
972 974
972 975
972 976
972 978
973 975
973 978
973 979
973 980
974 975
974 976
974 977
974 979
974 980
974 981
975 976
975 977
975 978
975 979
975 980
975 981
975 982
976 978
976 979
976 980
976 981
976 982
976 983
977 978
977 979
977 980
977 981
977 982
977 984
978 979
978 980
978 981
978 982
978 983
978 984
978 985
979 980
979 982
979 983
979 984
980 981
980 982
980 983
980 984
980 985
980 986
980 987
981 982
981 983
981 984
981 985
981 988
982 984
982 985
982 987
982 988
982 989
983 985
983 986
983 987
983 988
983 990
984 986
984 987
984 988
984 989
984 990
984 991
985 987
985 989
985 990
985 991
985 992
986 987
986 988
986 989
986 991
986 992
986 993
987 989
987 990
987 992
987 993
987 994
988 989
988 991
988 992
988 993
988 994
989 991
989 992
989 993
989 994
989 996
990 991
990 992
990 993
990 994
990 995
991 992
991 993
991 995
991 996
991 998
992 993
992 994
992 995
992 996
992 997
992 999
993 994
993 995
993 996
993 997
993 998
994 995
994 999
995 996
995 998
995 999
996 997
996 998
997 998
997 999
998 999
